year RCP2.6 RCP4.5 RCP6 RCP8.5
1 0 0 0 0
2 0 0 0 0
3 0 0 0 0
4 0 0 0 0
5 0 0 0 0
6 0 0 0 0
7 0 0 0 0
8 0 0 0 0
9 0 0 0 0
10 0 0 0 0
11 0 0 0 0
12 0 0 0 0
13 0 0 0 0
14 0 0 0 0
15 0 0 0 0
16 0 0 0 0
17 0 0 0 0
18 0 0 0 0
19 0 0 0 0
20 0 0 0 0
21 0 0 0 0
22 0 0 0 0
23 0 0 0 0
24 0 0 0 0
25 0 0 0 0
26 0 0 0 0
27 0 0 0 0
28 0 0 0 0
29 0 0 0 0
30 0 0 0 0
31 0 0 0 0
32 0 0 0 0
33 0 0 0 0
34 0 0 0 0
35 0 0 0 0
36 0 0 0 0
37 0 0 0 0
38 0 0 0 0
39 0 0 0 0
40 0 0 0 0
41 0 0 0 0
42 0 0 0 0
43 0 0 0 0
44 0 0 0 0
45 0 0 0 0
46 0 0 0 0
47 0 0 0 0
48 0 0 0 0
49 0 0 0 0
50 0 0 0 0
51 0 0 0 0
52 0 0 0 0
53 0 0 0 0
54 0 0 0 0
55 0 0 0 0
56 0 0 0 0
57 0 0 0 0
58 0 0 0 0
59 0 0 0 0
60 0 0 0 0
61 0 0 0 0
62 0 0 0 0
63 0 0 0 0
64 0 0 0 0
65 0 0 0 0
66 0 0 0 0
67 0 0 0 0
68 0 0 0 0
69 0 0 0 0
70 0 0 0 0
71 0 0 0 0
72 0 0 0 0
73 0 0 0 0
74 0 0 0 0
75 0 0 0 0
76 0 0 0 0
77 0 0 0 0
78 0 0 0 0
79 0 0 0 0
80 0 0 0 0
81 0 0 0 0
82 0 0 0 0
83 0 0 0 0
84 0 0 0 0
85 0 0 0 0
86 0 0 0 0
87 0 0 0 0
88 0 0 0 0
89 0 0 0 0
90 0 0 0 0
91 0 0 0 0
92 0 0 0 0
93 0 0 0 0
94 0 0 0 0
95 0 0 0 0
96 0 0 0 0
97 0 0 0 0
98 0 0 0 0
99 0 0 0 0
100 0 0 0 0
101 0 0 0 0
102 0 0 0 0
103 0 0 0 0
104 0 0 0 0
105 0 0 0 0
106 0 0 0 0
107 0 0 0 0
108 0 0 0 0
109 0 0 0 0
110 0 0 0 0
111 0 0 0 0
112 0 0 0 0
113 0 0 0 0
114 0 0 0 0
115 0 0 0 0
116 0 0 0 0
117 0 0 0 0
118 0 0 0 0
119 0 0 0 0
120 0 0 0 0
121 0 0 0 0
122 0 0 0 0
123 0 0 0 0
124 0 0 0 0
125 0 0 0 0
126 0 0 0 0
127 0 0 0 0
128 0 0 0 0
129 0 0 0 0
130 0 0 0 0
131 0 0 0 0
132 0 0 0 0
133 0 0 0 0
134 0 0 0 0
135 0 0 0 0
136 0 0 0 0
137 0 0 0 0
138 0 0 0 0
139 0 0 0 0
140 0 0 0 0
141 0 0 0 0
142 0 0 0 0
143 0 0 0 0
144 0 0 0 0
145 0 0 0 0
146 0 0 0 0
147 0 0 0 0
148 0 0 0 0
149 0 0 0 0
150 0 0 0 0
151 0 0 0 0
152 0 0 0 0
153 0 0 0 0
154 0 0 0 0
155 0 0 0 0
156 0 0 0 0
157 0 0 0 0
158 0 0 0 0
159 0 0 0 0
160 0 0 0 0
161 0 0 0 0
162 0 0 0 0
163 0 0 0 0
164 0 0 0 0
165 0 0 0 0
166 0 0 0 0
167 0 0 0 0
168 0 0 0 0
169 0 0 0 0
170 0 0 0 0
171 0 0 0 0
172 0 0 0 0
173 0 0 0 0
174 0 0 0 0
175 0 0 0 0
176 0 0 0 0
177 0 0 0 0
178 0 0 0 0
179 0 0 0 0
180 0 0 0 0
181 0 0 0 0
182 0 0 0 0
183 0 0 0 0
184 0 0 0 0
185 0 0 0 0
186 0 0 0 0
187 0 0 0 0
188 0 0 0 0
189 0 0 0 0
190 0 0 0 0
191 0 0 0 0
192 0 0 0 0
193 0 0 0 0
194 0 0 0 0
195 0 0 0 0
196 0 0 0 0
197 0 0 0 0
198 0 0 0 0
199 0 0 0 0
200 0 0 0 0
201 0 0 0 0
202 0 0 0 0
203 0 0 0 0
204 0 0 0 0
205 0 0 0 0
206 0 0 0 0
207 0 0 0 0
208 0 0 0 0
209 0 0 0 0
210 0 0 0 0
211 0 0 0 0
212 0 0 0 0
213 0 0 0 0
214 0 0 0 0
215 0 0 0 0
216 0 0 0 0
217 0 0 0 0
218 0 0 0 0
219 0 0 0 0
220 0 0 0 0
221 0 0 0 0
222 0 0 0 0
223 0 0 0 0
224 0 0 0 0
225 0 0 0 0
226 0 0 0 0
227 0 0 0 0
228 0 0 0 0
229 0 0 0 0
230 0 0 0 0
231 0 0 0 0
232 0 0 0 0
233 0 0 0 0
234 0 0 0 0
235 0 0 0 0
236 0 0 0 0
237 0 0 0 0
238 0 0 0 0
239 0 0 0 0
240 0 0 0 0
241 0 0 0 0
242 0 0 0 0
243 0 0 0 0
244 0 0 0 0
245 0 0 0 0
246 0 0 0 0
247 0 0 0 0
248 0 0 0 0
249 0 0 0 0
250 0 0 0 0
251 0 0 0 0
252 0 0 0 0
253 0 0 0 0
254 0 0 0 0
255 0 0 0 0
256 0 0 0 0
257 0 0 0 0
258 0 0 0 0
259 0 0 0 0
260 0 0 0 0
261 0 0 0 0
262 0 0 0 0
263 0 0 0 0
264 0 0 0 0
265 0 0 0 0
266 0 0 0 0
267 0 0 0 0
268 0 0 0 0
269 0 0 0 0
270 0 0 0 0
271 0 0 0 0
272 0 0 0 0
273 0 0 0 0
274 0 0 0 0
275 0 0 0 0
276 0 0 0 0
277 0 0 0 0
278 0 0 0 0
279 0 0 0 0
280 0 0 0 0
281 0 0 0 0
282 0 0 0 0
283 0 0 0 0
284 0 0 0 0
285 0 0 0 0
286 0 0 0 0
287 0 0 0 0
288 0 0 0 0
289 0 0 0 0
290 0 0 0 0
291 0 0 0 0
292 0 0 0 0
293 0 0 0 0
294 0 0 0 0
295 0 0 0 0
296 0 0 0 0
297 0 0 0 0
298 0 0 0 0
299 0 0 0 0
300 0 0 0 0
301 0 0 0 0
302 0 0 0 0
303 0 0 0 0
304 0 0 0 0
305 0 0 0 0
306 0 0 0 0
307 0 0 0 0
308 0 0 0 0
309 0 0 0 0
310 0 0 0 0
311 0 0 0 0
312 0 0 0 0
313 0 0 0 0
314 0 0 0 0
315 0 0 0 0
316 0 0 0 0
317 0 0 0 0
318 0 0 0 0
319 0 0 0 0
320 0 0 0 0
321 0 0 0 0
322 0 0 0 0
323 0 0 0 0
324 0 0 0 0
325 0 0 0 0
326 0 0 0 0
327 0 0 0 0
328 0 0 0 0
329 0 0 0 0
330 0 0 0 0
331 0 0 0 0
332 0 0 0 0
333 0 0 0 0
334 0 0 0 0
335 0 0 0 0
336 0 0 0 0
337 0 0 0 0
338 0 0 0 0
339 0 0 0 0
340 0 0 0 0
341 0 0 0 0
342 0 0 0 0
343 0 0 0 0
344 0 0 0 0
345 0 0 0 0
346 0 0 0 0
347 0 0 0 0
348 0 0 0 0
349 0 0 0 0
350 0 0 0 0
351 0 0 0 0
352 0 0 0 0
353 0 0 0 0
354 0 0 0 0
355 0 0 0 0
356 0 0 0 0
357 0 0 0 0
358 0 0 0 0
359 0 0 0 0
360 0 0 0 0
361 0 0 0 0
362 0 0 0 0
363 0 0 0 0
364 0 0 0 0
365 0 0 0 0
366 0 0 0 0
367 0 0 0 0
368 0 0 0 0
369 0 0 0 0
370 0 0 0 0
371 0 0 0 0
372 0 0 0 0
373 0 0 0 0
374 0 0 0 0
375 0 0 0 0
376 0 0 0 0
377 0 0 0 0
378 0 0 0 0
379 0 0 0 0
380 0 0 0 0
381 0 0 0 0
382 0 0 0 0
383 0 0 0 0
384 0 0 0 0
385 0 0 0 0
386 0 0 0 0
387 0 0 0 0
388 0 0 0 0
389 0 0 0 0
390 0 0 0 0
391 0 0 0 0
392 0 0 0 0
393 0 0 0 0
394 0 0 0 0
395 0 0 0 0
396 0 0 0 0
397 0 0 0 0
398 0 0 0 0
399 0 0 0 0
400 0 0 0 0
401 0 0 0 0
402 0 0 0 0
403 0 0 0 0
404 0 0 0 0
405 0 0 0 0
406 0 0 0 0
407 0 0 0 0
408 0 0 0 0
409 0 0 0 0
410 0 0 0 0
411 0 0 0 0
412 0 0 0 0
413 0 0 0 0
414 0 0 0 0
415 0 0 0 0
416 0 0 0 0
417 0 0 0 0
418 0 0 0 0
419 0 0 0 0
420 0 0 0 0
421 0 0 0 0
422 0 0 0 0
423 0 0 0 0
424 0 0 0 0
425 0 0 0 0
426 0 0 0 0
427 0 0 0 0
428 0 0 0 0
429 0 0 0 0
430 0 0 0 0
431 0 0 0 0
432 0 0 0 0
433 0 0 0 0
434 0 0 0 0
435 0 0 0 0
436 0 0 0 0
437 0 0 0 0
438 0 0 0 0
439 0 0 0 0
440 0 0 0 0
441 0 0 0 0
442 0 0 0 0
443 0 0 0 0
444 0 0 0 0
445 0 0 0 0
446 0 0 0 0
447 0 0 0 0
448 0 0 0 0
449 0 0 0 0
450 0 0 0 0
451 0 0 0 0
452 0 0 0 0
453 0 0 0 0
454 0 0 0 0
455 0 0 0 0
456 0 0 0 0
457 0 0 0 0
458 0 0 0 0
459 0 0 0 0
460 0 0 0 0
461 0 0 0 0
462 0 0 0 0
463 0 0 0 0
464 0 0 0 0
465 0 0 0 0
466 0 0 0 0
467 0 0 0 0
468 0 0 0 0
469 0 0 0 0
470 0 0 0 0
471 0 0 0 0
472 0 0 0 0
473 0 0 0 0
474 0 0 0 0
475 0 0 0 0
476 0 0 0 0
477 0 0 0 0
478 0 0 0 0
479 0 0 0 0
480 0 0 0 0
481 0 0 0 0
482 0 0 0 0
483 0 0 0 0
484 0 0 0 0
485 0 0 0 0
486 0 0 0 0
487 0 0 0 0
488 0 0 0 0
489 0 0 0 0
490 0 0 0 0
491 0 0 0 0
492 0 0 0 0
493 0 0 0 0
494 0 0 0 0
495 0 0 0 0
496 0 0 0 0
497 0 0 0 0
498 0 0 0 0
499 0 0 0 0
500 0 0 0 0
501 0 0 0 0
502 0 0 0 0
503 0 0 0 0
504 0 0 0 0
505 0 0 0 0
506 0 0 0 0
507 0 0 0 0
508 0 0 0 0
509 0 0 0 0
510 0 0 0 0
511 0 0 0 0
512 0 0 0 0
513 0 0 0 0
514 0 0 0 0
515 0 0 0 0
516 0 0 0 0
517 0 0 0 0
518 0 0 0 0
519 0 0 0 0
520 0 0 0 0
521 0 0 0 0
522 0 0 0 0
523 0 0 0 0
524 0 0 0 0
525 0 0 0 0
526 0 0 0 0
527 0 0 0 0
528 0 0 0 0
529 0 0 0 0
530 0 0 0 0
531 0 0 0 0
532 0 0 0 0
533 0 0 0 0
534 0 0 0 0
535 0 0 0 0
536 0 0 0 0
537 0 0 0 0
538 0 0 0 0
539 0 0 0 0
540 0 0 0 0
541 0 0 0 0
542 0 0 0 0
543 0 0 0 0
544 0 0 0 0
545 0 0 0 0
546 0 0 0 0
547 0 0 0 0
548 0 0 0 0
549 0 0 0 0
550 0 0 0 0
551 0 0 0 0
552 0 0 0 0
553 0 0 0 0
554 0 0 0 0
555 0 0 0 0
556 0 0 0 0
557 0 0 0 0
558 0 0 0 0
559 0 0 0 0
560 0 0 0 0
561 0 0 0 0
562 0 0 0 0
563 0 0 0 0
564 0 0 0 0
565 0 0 0 0
566 0 0 0 0
567 0 0 0 0
568 0 0 0 0
569 0 0 0 0
570 0 0 0 0
571 0 0 0 0
572 0 0 0 0
573 0 0 0 0
574 0 0 0 0
575 0 0 0 0
576 0 0 0 0
577 0 0 0 0
578 0 0 0 0
579 0 0 0 0
580 0 0 0 0
581 0 0 0 0
582 0 0 0 0
583 0 0 0 0
584 0 0 0 0
585 0 0 0 0
586 0 0 0 0
587 0 0 0 0
588 0 0 0 0
589 0 0 0 0
590 0 0 0 0
591 0 0 0 0
592 0 0 0 0
593 0 0 0 0
594 0 0 0 0
595 0 0 0 0
596 0 0 0 0
597 0 0 0 0
598 0 0 0 0
599 0 0 0 0
600 0 0 0 0
601 0 0 0 0
602 0 0 0 0
603 0 0 0 0
604 0 0 0 0
605 0 0 0 0
606 0 0 0 0
607 0 0 0 0
608 0 0 0 0
609 0 0 0 0
610 0 0 0 0
611 0 0 0 0
612 0 0 0 0
613 0 0 0 0
614 0 0 0 0
615 0 0 0 0
616 0 0 0 0
617 0 0 0 0
618 0 0 0 0
619 0 0 0 0
620 0 0 0 0
621 0 0 0 0
622 0 0 0 0
623 0 0 0 0
624 0 0 0 0
625 0 0 0 0
626 0 0 0 0
627 0 0 0 0
628 0 0 0 0
629 0 0 0 0
630 0 0 0 0
631 0 0 0 0
632 0 0 0 0
633 0 0 0 0
634 0 0 0 0
635 0 0 0 0
636 0 0 0 0
637 0 0 0 0
638 0 0 0 0
639 0 0 0 0
640 0 0 0 0
641 0 0 0 0
642 0 0 0 0
643 0 0 0 0
644 0 0 0 0
645 0 0 0 0
646 0 0 0 0
647 0 0 0 0
648 0 0 0 0
649 0 0 0 0
650 0 0 0 0
651 0 0 0 0
652 0 0 0 0
653 0 0 0 0
654 0 0 0 0
655 0 0 0 0
656 0 0 0 0
657 0 0 0 0
658 0 0 0 0
659 0 0 0 0
660 0 0 0 0
661 0 0 0 0
662 0 0 0 0
663 0 0 0 0
664 0 0 0 0
665 0 0 0 0
666 0 0 0 0
667 0 0 0 0
668 0 0 0 0
669 0 0 0 0
670 0 0 0 0
671 0 0 0 0
672 0 0 0 0
673 0 0 0 0
674 0 0 0 0
675 0 0 0 0
676 0 0 0 0
677 0 0 0 0
678 0 0 0 0
679 0 0 0 0
680 0 0 0 0
681 0 0 0 0
682 0 0 0 0
683 0 0 0 0
684 0 0 0 0
685 0 0 0 0
686 0 0 0 0
687 0 0 0 0
688 0 0 0 0
689 0 0 0 0
690 0 0 0 0
691 0 0 0 0
692 0 0 0 0
693 0 0 0 0
694 0 0 0 0
695 0 0 0 0
696 0 0 0 0
697 0 0 0 0
698 0 0 0 0
699 0 0 0 0
700 0 0 0 0
701 0 0 0 0
702 0 0 0 0
703 0 0 0 0
704 0 0 0 0
705 0 0 0 0
706 0 0 0 0
707 0 0 0 0
708 0 0 0 0
709 0 0 0 0
710 0 0 0 0
711 0 0 0 0
712 0 0 0 0
713 0 0 0 0
714 0 0 0 0
715 0 0 0 0
716 0 0 0 0
717 0 0 0 0
718 0 0 0 0
719 0 0 0 0
720 0 0 0 0
721 0 0 0 0
722 0 0 0 0
723 0 0 0 0
724 0 0 0 0
725 0 0 0 0
726 0 0 0 0
727 0 0 0 0
728 0 0 0 0
729 0 0 0 0
730 0 0 0 0
731 0 0 0 0
732 0 0 0 0
733 0 0 0 0
734 0 0 0 0
735 0 0 0 0
736 0 0 0 0
737 0 0 0 0
738 0 0 0 0
739 0 0 0 0
740 0 0 0 0
741 0 0 0 0
742 0 0 0 0
743 0 0 0 0
744 0 0 0 0
745 0 0 0 0
746 0 0 0 0
747 0 0 0 0
748 0 0 0 0
749 0 0 0 0
750 0 0 0 0
751 0 0 0 0
752 0 0 0 0
753 0 0 0 0
754 0 0 0 0
755 0 0 0 0
756 0 0 0 0
757 0 0 0 0
758 0 0 0 0
759 0 0 0 0
760 0 0 0 0
761 0 0 0 0
762 0 0 0 0
763 0 0 0 0
764 0 0 0 0
765 0 0 0 0
766 0 0 0 0
767 0 0 0 0
768 0 0 0 0
769 0 0 0 0
770 0 0 0 0
771 0 0 0 0
772 0 0 0 0
773 0 0 0 0
774 0 0 0 0
775 0 0 0 0
776 0 0 0 0
777 0 0 0 0
778 0 0 0 0
779 0 0 0 0
780 0 0 0 0
781 0 0 0 0
782 0 0 0 0
783 0 0 0 0
784 0 0 0 0
785 0 0 0 0
786 0 0 0 0
787 0 0 0 0
788 0 0 0 0
789 0 0 0 0
790 0 0 0 0
791 0 0 0 0
792 0 0 0 0
793 0 0 0 0
794 0 0 0 0
795 0 0 0 0
796 0 0 0 0
797 0 0 0 0
798 0 0 0 0
799 0 0 0 0
800 0 0 0 0
801 0 0 0 0
802 0 0 0 0
803 0 0 0 0
804 0 0 0 0
805 0 0 0 0
806 0 0 0 0
807 0 0 0 0
808 0 0 0 0
809 0 0 0 0
810 0 0 0 0
811 0 0 0 0
812 0 0 0 0
813 0 0 0 0
814 0 0 0 0
815 0 0 0 0
816 0 0 0 0
817 0 0 0 0
818 0 0 0 0
819 0 0 0 0
820 0 0 0 0
821 0 0 0 0
822 0 0 0 0
823 0 0 0 0
824 0 0 0 0
825 0 0 0 0
826 0 0 0 0
827 0 0 0 0
828 0 0 0 0
829 0 0 0 0
830 0 0 0 0
831 0 0 0 0
832 0 0 0 0
833 0 0 0 0
834 0 0 0 0
835 0 0 0 0
836 0 0 0 0
837 0 0 0 0
838 0 0 0 0
839 0 0 0 0
840 0 0 0 0
841 0 0 0 0
842 0 0 0 0
843 0 0 0 0
844 0 0 0 0
845 0 0 0 0
846 0 0 0 0
847 0 0 0 0
848 0 0 0 0
849 0 0 0 0
850 0 0 0 0
851 0 0 0 0
852 0 0 0 0
853 0 0 0 0
854 0 0 0 0
855 0 0 0 0
856 0 0 0 0
857 0 0 0 0
858 0 0 0 0
859 0 0 0 0
860 0 0 0 0
861 0 0 0 0
862 0 0 0 0
863 0 0 0 0
864 0 0 0 0
865 0 0 0 0
866 0 0 0 0
867 0 0 0 0
868 0 0 0 0
869 0 0 0 0
870 0 0 0 0
871 0 0 0 0
872 0 0 0 0
873 0 0 0 0
874 0 0 0 0
875 0 0 0 0
876 0 0 0 0
877 0 0 0 0
878 0 0 0 0
879 0 0 0 0
880 0 0 0 0
881 0 0 0 0
882 0 0 0 0
883 0 0 0 0
884 0 0 0 0
885 0 0 0 0
886 0 0 0 0
887 0 0 0 0
888 0 0 0 0
889 0 0 0 0
890 0 0 0 0
891 0 0 0 0
892 0 0 0 0
893 0 0 0 0
894 0 0 0 0
895 0 0 0 0
896 0 0 0 0
897 0 0 0 0
898 0 0 0 0
899 0 0 0 0
900 0 0 0 0
901 0 0 0 0
902 0 0 0 0
903 0 0 0 0
904 0 0 0 0
905 0 0 0 0
906 0 0 0 0
907 0 0 0 0
908 0 0 0 0
909 0 0 0 0
910 0 0 0 0
911 0 0 0 0
912 0 0 0 0
913 0 0 0 0
914 0 0 0 0
915 0 0 0 0
916 0 0 0 0
917 0 0 0 0
918 0 0 0 0
919 0 0 0 0
920 0 0 0 0
921 0 0 0 0
922 0 0 0 0
923 0 0 0 0
924 0 0 0 0
925 0 0 0 0
926 0 0 0 0
927 0 0 0 0
928 0 0 0 0
929 0 0 0 0
930 0 0 0 0
931 0 0 0 0
932 0 0 0 0
933 0 0 0 0
934 0 0 0 0
935 0 0 0 0
936 0 0 0 0
937 0 0 0 0
938 0 0 0 0
939 0 0 0 0
940 0 0 0 0
941 0 0 0 0
942 0 0 0 0
943 0 0 0 0
944 0 0 0 0
945 0 0 0 0
946 0 0 0 0
947 0 0 0 0
948 0 0 0 0
949 0 0 0 0
950 0 0 0 0
951 0 0 0 0
952 0 0 0 0
953 0 0 0 0
954 0 0 0 0
955 0 0 0 0
956 0 0 0 0
957 0 0 0 0
958 0 0 0 0
959 0 0 0 0
960 0 0 0 0
961 0 0 0 0
962 0 0 0 0
963 0 0 0 0
964 0 0 0 0
965 0 0 0 0
966 0 0 0 0
967 0 0 0 0
968 0 0 0 0
969 0 0 0 0
970 0 0 0 0
971 0 0 0 0
972 0 0 0 0
973 0 0 0 0
974 0 0 0 0
975 0 0 0 0
976 0 0 0 0
977 0 0 0 0
978 0 0 0 0
979 0 0 0 0
980 0 0 0 0
981 0 0 0 0
982 0 0 0 0
983 0 0 0 0
984 0 0 0 0
985 0 0 0 0
986 0 0 0 0
987 0 0 0 0
988 0 0 0 0
989 0 0 0 0
990 0 0 0 0
991 0 0 0 0
992 0 0 0 0
993 0 0 0 0
994 0 0 0 0
995 0 0 0 0
996 0 0 0 0
997 0 0 0 0
998 0 0 0 0
999 0 0 0 0
1000 0 0 0 0
1001 0 0 0 0
1002 0 0 0 0
1003 0 0 0 0
1004 0 0 0 0
1005 0 0 0 0
1006 0 0 0 0
1007 0 0 0 0
1008 0 0 0 0
1009 0 0 0 0
1010 0 0 0 0
1011 0 0 0 0
1012 0 0 0 0
1013 0 0 0 0
1014 0 0 0 0
1015 0 0 0 0
1016 0 0 0 0
1017 0 0 0 0
1018 0 0 0 0
1019 0 0 0 0
1020 0 0 0 0
1021 0 0 0 0
1022 0 0 0 0
1023 0 0 0 0
1024 0 0 0 0
1025 0 0 0 0
1026 0 0 0 0
1027 0 0 0 0
1028 0 0 0 0
1029 0 0 0 0
1030 0 0 0 0
1031 0 0 0 0
1032 0 0 0 0
1033 0 0 0 0
1034 0 0 0 0
1035 0 0 0 0
1036 0 0 0 0
1037 0 0 0 0
1038 0 0 0 0
1039 0 0 0 0
1040 0 0 0 0
1041 0 0 0 0
1042 0 0 0 0
1043 0 0 0 0
1044 0 0 0 0
1045 0 0 0 0
1046 0 0 0 0
1047 0 0 0 0
1048 0 0 0 0
1049 0 0 0 0
1050 0 0 0 0
1051 0 0 0 0
1052 0 0 0 0
1053 0 0 0 0
1054 0 0 0 0
1055 0 0 0 0
1056 0 0 0 0
1057 0 0 0 0
1058 0 0 0 0
1059 0 0 0 0
1060 0 0 0 0
1061 0 0 0 0
1062 0 0 0 0
1063 0 0 0 0
1064 0 0 0 0
1065 0 0 0 0
1066 0 0 0 0
1067 0 0 0 0
1068 0 0 0 0
1069 0 0 0 0
1070 0 0 0 0
1071 0 0 0 0
1072 0 0 0 0
1073 0 0 0 0
1074 0 0 0 0
1075 0 0 0 0
1076 0 0 0 0
1077 0 0 0 0
1078 0 0 0 0
1079 0 0 0 0
1080 0 0 0 0
1081 0 0 0 0
1082 0 0 0 0
1083 0 0 0 0
1084 0 0 0 0
1085 0 0 0 0
1086 0 0 0 0
1087 0 0 0 0
1088 0 0 0 0
1089 0 0 0 0
1090 0 0 0 0
1091 0 0 0 0
1092 0 0 0 0
1093 0 0 0 0
1094 0 0 0 0
1095 0 0 0 0
1096 0 0 0 0
1097 0 0 0 0
1098 0 0 0 0
1099 0 0 0 0
1100 0 0 0 0
1101 0 0 0 0
1102 0 0 0 0
1103 0 0 0 0
1104 0 0 0 0
1105 0 0 0 0
1106 0 0 0 0
1107 0 0 0 0
1108 0 0 0 0
1109 0 0 0 0
1110 0 0 0 0
1111 0 0 0 0
1112 0 0 0 0
1113 0 0 0 0
1114 0 0 0 0
1115 0 0 0 0
1116 0 0 0 0
1117 0 0 0 0
1118 0 0 0 0
1119 0 0 0 0
1120 0 0 0 0
1121 0 0 0 0
1122 0 0 0 0
1123 0 0 0 0
1124 0 0 0 0
1125 0 0 0 0
1126 0 0 0 0
1127 0 0 0 0
1128 0 0 0 0
1129 0 0 0 0
1130 0 0 0 0
1131 0 0 0 0
1132 0 0 0 0
1133 0 0 0 0
1134 0 0 0 0
1135 0 0 0 0
1136 0 0 0 0
1137 0 0 0 0
1138 0 0 0 0
1139 0 0 0 0
1140 0 0 0 0
1141 0 0 0 0
1142 0 0 0 0
1143 0 0 0 0
1144 0 0 0 0
1145 0 0 0 0
1146 0 0 0 0
1147 0 0 0 0
1148 0 0 0 0
1149 0 0 0 0
1150 0 0 0 0
1151 0 0 0 0
1152 0 0 0 0
1153 0 0 0 0
1154 0 0 0 0
1155 0 0 0 0
1156 0 0 0 0
1157 0 0 0 0
1158 0 0 0 0
1159 0 0 0 0
1160 0 0 0 0
1161 0 0 0 0
1162 0 0 0 0
1163 0 0 0 0
1164 0 0 0 0
1165 0 0 0 0
1166 0 0 0 0
1167 0 0 0 0
1168 0 0 0 0
1169 0 0 0 0
1170 0 0 0 0
1171 0 0 0 0
1172 0 0 0 0
1173 0 0 0 0
1174 0 0 0 0
1175 0 0 0 0
1176 0 0 0 0
1177 0 0 0 0
1178 0 0 0 0
1179 0 0 0 0
1180 0 0 0 0
1181 0 0 0 0
1182 0 0 0 0
1183 0 0 0 0
1184 0 0 0 0
1185 0 0 0 0
1186 0 0 0 0
1187 0 0 0 0
1188 0 0 0 0
1189 0 0 0 0
1190 0 0 0 0
1191 0 0 0 0
1192 0 0 0 0
1193 0 0 0 0
1194 0 0 0 0
1195 0 0 0 0
1196 0 0 0 0
1197 0 0 0 0
1198 0 0 0 0
1199 0 0 0 0
1200 0 0 0 0
1201 0 0 0 0
1202 0 0 0 0
1203 0 0 0 0
1204 0 0 0 0
1205 0 0 0 0
1206 0 0 0 0
1207 0 0 0 0
1208 0 0 0 0
1209 0 0 0 0
1210 0 0 0 0
1211 0 0 0 0
1212 0 0 0 0
1213 0 0 0 0
1214 0 0 0 0
1215 0 0 0 0
1216 0 0 0 0
1217 0 0 0 0
1218 0 0 0 0
1219 0 0 0 0
1220 0 0 0 0
1221 0 0 0 0
1222 0 0 0 0
1223 0 0 0 0
1224 0 0 0 0
1225 0 0 0 0
1226 0 0 0 0
1227 0 0 0 0
1228 0 0 0 0
1229 0 0 0 0
1230 0 0 0 0
1231 0 0 0 0
1232 0 0 0 0
1233 0 0 0 0
1234 0 0 0 0
1235 0 0 0 0
1236 0 0 0 0
1237 0 0 0 0
1238 0 0 0 0
1239 0 0 0 0
1240 0 0 0 0
1241 0 0 0 0
1242 0 0 0 0
1243 0 0 0 0
1244 0 0 0 0
1245 0 0 0 0
1246 0 0 0 0
1247 0 0 0 0
1248 0 0 0 0
1249 0 0 0 0
1250 0 0 0 0
1251 0 0 0 0
1252 0 0 0 0
1253 0 0 0 0
1254 0 0 0 0
1255 0 0 0 0
1256 0 0 0 0
1257 0 0 0 0
1258 0 0 0 0
1259 0 0 0 0
1260 0 0 0 0
1261 0 0 0 0
1262 0 0 0 0
1263 0 0 0 0
1264 0 0 0 0
1265 0 0 0 0
1266 0 0 0 0
1267 0 0 0 0
1268 0 0 0 0
1269 0 0 0 0
1270 0 0 0 0
1271 0 0 0 0
1272 0 0 0 0
1273 0 0 0 0
1274 0 0 0 0
1275 0 0 0 0
1276 0 0 0 0
1277 0 0 0 0
1278 0 0 0 0
1279 0 0 0 0
1280 0 0 0 0
1281 0 0 0 0
1282 0 0 0 0
1283 0 0 0 0
1284 0 0 0 0
1285 0 0 0 0
1286 0 0 0 0
1287 0 0 0 0
1288 0 0 0 0
1289 0 0 0 0
1290 0 0 0 0
1291 0 0 0 0
1292 0 0 0 0
1293 0 0 0 0
1294 0 0 0 0
1295 0 0 0 0
1296 0 0 0 0
1297 0 0 0 0
1298 0 0 0 0
1299 0 0 0 0
1300 0 0 0 0
1301 0 0 0 0
1302 0 0 0 0
1303 0 0 0 0
1304 0 0 0 0
1305 0 0 0 0
1306 0 0 0 0
1307 0 0 0 0
1308 0 0 0 0
1309 0 0 0 0
1310 0 0 0 0
1311 0 0 0 0
1312 0 0 0 0
1313 0 0 0 0
1314 0 0 0 0
1315 0 0 0 0
1316 0 0 0 0
1317 0 0 0 0
1318 0 0 0 0
1319 0 0 0 0
1320 0 0 0 0
1321 0 0 0 0
1322 0 0 0 0
1323 0 0 0 0
1324 0 0 0 0
1325 0 0 0 0
1326 0 0 0 0
1327 0 0 0 0
1328 0 0 0 0
1329 0 0 0 0
1330 0 0 0 0
1331 0 0 0 0
1332 0 0 0 0
1333 0 0 0 0
1334 0 0 0 0
1335 0 0 0 0
1336 0 0 0 0
1337 0 0 0 0
1338 0 0 0 0
1339 0 0 0 0
1340 0 0 0 0
1341 0 0 0 0
1342 0 0 0 0
1343 0 0 0 0
1344 0 0 0 0
1345 0 0 0 0
1346 0 0 0 0
1347 0 0 0 0
1348 0 0 0 0
1349 0 0 0 0
1350 0 0 0 0
1351 0 0 0 0
1352 0 0 0 0
1353 0 0 0 0
1354 0 0 0 0
1355 0 0 0 0
1356 0 0 0 0
1357 0 0 0 0
1358 0 0 0 0
1359 0 0 0 0
1360 0 0 0 0
1361 0 0 0 0
1362 0 0 0 0
1363 0 0 0 0
1364 0 0 0 0
1365 0 0 0 0
1366 0 0 0 0
1367 0 0 0 0
1368 0 0 0 0
1369 0 0 0 0
1370 0 0 0 0
1371 0 0 0 0
1372 0 0 0 0
1373 0 0 0 0
1374 0 0 0 0
1375 0 0 0 0
1376 0 0 0 0
1377 0 0 0 0
1378 0 0 0 0
1379 0 0 0 0
1380 0 0 0 0
1381 0 0 0 0
1382 0 0 0 0
1383 0 0 0 0
1384 0 0 0 0
1385 0 0 0 0
1386 0 0 0 0
1387 0 0 0 0
1388 0 0 0 0
1389 0 0 0 0
1390 0 0 0 0
1391 0 0 0 0
1392 0 0 0 0
1393 0 0 0 0
1394 0 0 0 0
1395 0 0 0 0
1396 0 0 0 0
1397 0 0 0 0
1398 0 0 0 0
1399 0 0 0 0
1400 0 0 0 0
1401 0 0 0 0
1402 0 0 0 0
1403 0 0 0 0
1404 0 0 0 0
1405 0 0 0 0
1406 0 0 0 0
1407 0 0 0 0
1408 0 0 0 0
1409 0 0 0 0
1410 0 0 0 0
1411 0 0 0 0
1412 0 0 0 0
1413 0 0 0 0
1414 0 0 0 0
1415 0 0 0 0
1416 0 0 0 0
1417 0 0 0 0
1418 0 0 0 0
1419 0 0 0 0
1420 0 0 0 0
1421 0 0 0 0
1422 0 0 0 0
1423 0 0 0 0
1424 0 0 0 0
1425 0 0 0 0
1426 0 0 0 0
1427 0 0 0 0
1428 0 0 0 0
1429 0 0 0 0
1430 0 0 0 0
1431 0 0 0 0
1432 0 0 0 0
1433 0 0 0 0
1434 0 0 0 0
1435 0 0 0 0
1436 0 0 0 0
1437 0 0 0 0
1438 0 0 0 0
1439 0 0 0 0
1440 0 0 0 0
1441 0 0 0 0
1442 0 0 0 0
1443 0 0 0 0
1444 0 0 0 0
1445 0 0 0 0
1446 0 0 0 0
1447 0 0 0 0
1448 0 0 0 0
1449 0 0 0 0
1450 0 0 0 0
1451 0 0 0 0
1452 0 0 0 0
1453 0 0 0 0
1454 0 0 0 0
1455 0 0 0 0
1456 0 0 0 0
1457 0 0 0 0
1458 0 0 0 0
1459 0 0 0 0
1460 0 0 0 0
1461 0 0 0 0
1462 0 0 0 0
1463 0 0 0 0
1464 0 0 0 0
1465 0 0 0 0
1466 0 0 0 0
1467 0 0 0 0
1468 0 0 0 0
1469 0 0 0 0
1470 0 0 0 0
1471 0 0 0 0
1472 0 0 0 0
1473 0 0 0 0
1474 0 0 0 0
1475 0 0 0 0
1476 0 0 0 0
1477 0 0 0 0
1478 0 0 0 0
1479 0 0 0 0
1480 0 0 0 0
1481 0 0 0 0
1482 0 0 0 0
1483 0 0 0 0
1484 0 0 0 0
1485 0 0 0 0
1486 0 0 0 0
1487 0 0 0 0
1488 0 0 0 0
1489 0 0 0 0
1490 0 0 0 0
1491 0 0 0 0
1492 0 0 0 0
1493 0 0 0 0
1494 0 0 0 0
1495 0 0 0 0
1496 0 0 0 0
1497 0 0 0 0
1498 0 0 0 0
1499 0 0 0 0
1500 0 0 0 0
1501 0 0 0 0
1502 0 0 0 0
1503 0 0 0 0
1504 0 0 0 0
1505 0 0 0 0
1506 0 0 0 0
1507 0 0 0 0
1508 0 0 0 0
1509 0 0 0 0
1510 0 0 0 0
1511 0 0 0 0
1512 0 0 0 0
1513 0 0 0 0
1514 0 0 0 0
1515 0 0 0 0
1516 0 0 0 0
1517 0 0 0 0
1518 0 0 0 0
1519 0 0 0 0
1520 0 0 0 0
1521 0 0 0 0
1522 0 0 0 0
1523 0 0 0 0
1524 0 0 0 0
1525 0 0 0 0
1526 0 0 0 0
1527 0 0 0 0
1528 0 0 0 0
1529 0 0 0 0
1530 0 0 0 0
1531 0 0 0 0
1532 0 0 0 0
1533 0 0 0 0
1534 0 0 0 0
1535 0 0 0 0
1536 0 0 0 0
1537 0 0 0 0
1538 0 0 0 0
1539 0 0 0 0
1540 0 0 0 0
1541 0 0 0 0
1542 0 0 0 0
1543 0 0 0 0
1544 0 0 0 0
1545 0 0 0 0
1546 0 0 0 0
1547 0 0 0 0
1548 0 0 0 0
1549 0 0 0 0
1550 0 0 0 0
1551 0 0 0 0
1552 0 0 0 0
1553 0 0 0 0
1554 0 0 0 0
1555 0 0 0 0
1556 0 0 0 0
1557 0 0 0 0
1558 0 0 0 0
1559 0 0 0 0
1560 0 0 0 0
1561 0 0 0 0
1562 0 0 0 0
1563 0 0 0 0
1564 0 0 0 0
1565 0 0 0 0
1566 0 0 0 0
1567 0 0 0 0
1568 0 0 0 0
1569 0 0 0 0
1570 0 0 0 0
1571 0 0 0 0
1572 0 0 0 0
1573 0 0 0 0
1574 0 0 0 0
1575 0 0 0 0
1576 0 0 0 0
1577 0 0 0 0
1578 0 0 0 0
1579 0 0 0 0
1580 0 0 0 0
1581 0 0 0 0
1582 0 0 0 0
1583 0 0 0 0
1584 0 0 0 0
1585 0 0 0 0
1586 0 0 0 0
1587 0 0 0 0
1588 0 0 0 0
1589 0 0 0 0
1590 0 0 0 0
1591 0 0 0 0
1592 0 0 0 0
1593 0 0 0 0
1594 0 0 0 0
1595 0 0 0 0
1596 0 0 0 0
1597 0 0 0 0
1598 0 0 0 0
1599 0 0 0 0
1600 0 0 0 0
1601 0 0 0 0
1602 0 0 0 0
1603 0 0 0 0
1604 0 0 0 0
1605 0 0 0 0
1606 0 0 0 0
1607 0 0 0 0
1608 0 0 0 0
1609 0 0 0 0
1610 0 0 0 0
1611 0 0 0 0
1612 0 0 0 0
1613 0 0 0 0
1614 0 0 0 0
1615 0 0 0 0
1616 0 0 0 0
1617 0 0 0 0
1618 0 0 0 0
1619 0 0 0 0
1620 0 0 0 0
1621 0 0 0 0
1622 0 0 0 0
1623 0 0 0 0
1624 0 0 0 0
1625 0 0 0 0
1626 0 0 0 0
1627 0 0 0 0
1628 0 0 0 0
1629 0 0 0 0
1630 0 0 0 0
1631 0 0 0 0
1632 0 0 0 0
1633 0 0 0 0
1634 0 0 0 0
1635 0 0 0 0
1636 0 0 0 0
1637 0 0 0 0
1638 0 0 0 0
1639 0 0 0 0
1640 0 0 0 0
1641 0 0 0 0
1642 0 0 0 0
1643 0 0 0 0
1644 0 0 0 0
1645 0 0 0 0
1646 0 0 0 0
1647 0 0 0 0
1648 0 0 0 0
1649 0 0 0 0
1650 0 0 0 0
1651 0 0 0 0
1652 0 0 0 0
1653 0 0 0 0
1654 0 0 0 0
1655 0 0 0 0
1656 0 0 0 0
1657 0 0 0 0
1658 0 0 0 0
1659 0 0 0 0
1660 0 0 0 0
1661 0 0 0 0
1662 0 0 0 0
1663 0 0 0 0
1664 0 0 0 0
1665 0 0 0 0
1666 0 0 0 0
1667 0 0 0 0
1668 0 0 0 0
1669 0 0 0 0
1670 0 0 0 0
1671 0 0 0 0
1672 0 0 0 0
1673 0 0 0 0
1674 0 0 0 0
1675 0 0 0 0
1676 0 0 0 0
1677 0 0 0 0
1678 0 0 0 0
1679 0 0 0 0
1680 0 0 0 0
1681 0 0 0 0
1682 0 0 0 0
1683 0 0 0 0
1684 0 0 0 0
1685 0 0 0 0
1686 0 0 0 0
1687 0 0 0 0
1688 0 0 0 0
1689 0 0 0 0
1690 0 0 0 0
1691 0 0 0 0
1692 0 0 0 0
1693 0 0 0 0
1694 0 0 0 0
1695 0 0 0 0
1696 0 0 0 0
1697 0 0 0 0
1698 0 0 0 0
1699 0 0 0 0
1700 0 0 0 0
1701 0 0 0 0
1702 0 0 0 0
1703 0 0 0 0
1704 0 0 0 0
1705 0 0 0 0
1706 0 0 0 0
1707 0 0 0 0
1708 0 0 0 0
1709 0 0 0 0
1710 0 0 0 0
1711 0 0 0 0
1712 0 0 0 0
1713 0 0 0 0
1714 0 0 0 0
1715 0 0 0 0
1716 0 0 0 0
1717 0 0 0 0
1718 0 0 0 0
1719 0 0 0 0
1720 0 0 0 0
1721 0 0 0 0
1722 0 0 0 0
1723 0 0 0 0
1724 0 0 0 0
1725 0 0 0 0
1726 0 0 0 0
1727 0 0 0 0
1728 0 0 0 0
1729 0 0 0 0
1730 0 0 0 0
1731 0 0 0 0
1732 0 0 0 0
1733 0 0 0 0
1734 0 0 0 0
1735 0 0 0 0
1736 0 0 0 0
1737 0 0 0 0
1738 0 0 0 0
1739 0 0 0 0
1740 0 0 0 0
1741 0 0 0 0
1742 0 0 0 0
1743 0 0 0 0
1744 0 0 0 0
1745 0 0 0 0
1746 0 0 0 0
1747 0 0 0 0
1748 0 0 0 0
1749 0 0 0 0
1750 0 0 0 0
1751 0.003 0.003 0.003 0.003
1752 0.003 0.003 0.003 0.003
1753 0.003 0.003 0.003 0.003
1754 0.003 0.003 0.003 0.003
1755 0.003 0.003 0.003 0.003
1756 0.003 0.003 0.003 0.003
1757 0.003 0.003 0.003 0.003
1758 0.003 0.003 0.003 0.003
1759 0.003 0.003 0.003 0.003
1760 0.003 0.003 0.003 0.003
1761 0.003 0.003 0.003 0.003
1762 0.003 0.003 0.003 0.003
1763 0.003 0.003 0.003 0.003
1764 0.003 0.003 0.003 0.003
1765 0.003 0.003 0.003 0.003
1766 0.003 0.003 0.003 0.003
1767 0.003 0.003 0.003 0.003
1768 0.003 0.003 0.003 0.003
1769 0.003 0.003 0.003 0.003
1770 0.003 0.003 0.003 0.003
1771 0.004 0.004 0.004 0.004
1772 0.004 0.004 0.004 0.004
1773 0.004 0.004 0.004 0.004
1774 0.004 0.004 0.004 0.004
1775 0.004 0.004 0.004 0.004
1776 0.004 0.004 0.004 0.004
1777 0.004 0.004 0.004 0.004
1778 0.004 0.004 0.004 0.004
1779 0.004 0.004 0.004 0.004
1780 0.004 0.004 0.004 0.004
1781 0.005 0.005 0.005 0.005
1782 0.005 0.005 0.005 0.005
1783 0.005 0.005 0.005 0.005
1784 0.005 0.005 0.005 0.005
1785 0.005 0.005 0.005 0.005
1786 0.005 0.005 0.005 0.005
1787 0.005 0.005 0.005 0.005
1788 0.005 0.005 0.005 0.005
1789 0.005 0.005 0.005 0.005
1790 0.005 0.005 0.005 0.005
1791 0.006 0.006 0.006 0.006
1792 0.006 0.006 0.006 0.006
1793 0.006 0.006 0.006 0.006
1794 0.006 0.006 0.006 0.006
1795 0.006 0.006 0.006 0.006
1796 0.006 0.006 0.006 0.006
1797 0.007 0.007 0.007 0.007
1798 0.007 0.007 0.007 0.007
1799 0.007 0.007 0.007 0.007
1800 0.008 0.008 0.008 0.008
1801 0.008 0.008 0.008 0.008
1802 0.01 0.01 0.01 0.01
1803 0.009 0.009 0.009 0.009
1804 0.009 0.009 0.009 0.009
1805 0.009 0.009 0.009 0.009
1806 0.01 0.01 0.01 0.01
1807 0.01 0.01 0.01 0.01
1808 0.01 0.01 0.01 0.01
1809 0.01 0.01 0.01 0.01
1810 0.01 0.01 0.01 0.01
1811 0.011 0.011 0.011 0.011
1812 0.011 0.011 0.011 0.011
1813 0.011 0.011 0.011 0.011
1814 0.011 0.011 0.011 0.011
1815 0.012 0.012 0.012 0.012
1816 0.013 0.013 0.013 0.013
1817 0.014 0.014 0.014 0.014
1818 0.014 0.014 0.014 0.014
1819 0.014 0.014 0.014 0.014
1820 0.014 0.014 0.014 0.014
1821 0.014 0.014 0.014 0.014
1822 0.015 0.015 0.015 0.015
1823 0.016 0.016 0.016 0.016
1824 0.016 0.016 0.016 0.016
1825 0.017 0.017 0.017 0.017
1826 0.017 0.017 0.017 0.017
1827 0.018 0.018 0.018 0.018
1828 0.018 0.018 0.018 0.018
1829 0.018 0.018 0.018 0.018
1830 0.024 0.024 0.024 0.024
1831 0.023 0.023 0.023 0.023
1832 0.023 0.023 0.023 0.023
1833 0.024 0.024 0.024 0.024
1834 0.024 0.024 0.024 0.024
1835 0.025 0.025 0.025 0.025
1836 0.029 0.029 0.029 0.029
1837 0.029 0.029 0.029 0.029
1838 0.03 0.03 0.03 0.03
1839 0.031 0.031 0.031 0.031
1840 0.033 0.033 0.033 0.033
1841 0.034 0.034 0.034 0.034
1842 0.036 0.036 0.036 0.036
1843 0.037 0.037 0.037 0.037
1844 0.039 0.039 0.039 0.039
1845 0.043 0.043 0.043 0.043
1846 0.043 0.043 0.043 0.043
1847 0.046 0.046 0.046 0.046
1848 0.047 0.047 0.047 0.047
1849 0.05 0.05 0.05 0.05
1850 0.054 0.054 0.054 0.054
1851 0.054 0.054 0.054 0.054
1852 0.057 0.057 0.057 0.057
1853 0.059 0.059 0.059 0.059
1854 0.069 0.069 0.069 0.069
1855 0.071 0.071 0.071 0.071
1856 0.076 0.076 0.076 0.076
1857 0.077 0.077 0.077 0.077
1858 0.078 0.078 0.078 0.078
1859 0.083 0.083 0.083 0.083
1860 0.091 0.091 0.091 0.091
1861 0.095 0.095 0.095 0.095
1862 0.097 0.097 0.097 0.097
1863 0.104 0.104 0.104 0.104
1864 0.112 0.112 0.112 0.112
1865 0.119 0.119 0.119 0.119
1866 0.122 0.122 0.122 0.122
1867 0.13 0.13 0.13 0.13
1868 0.135 0.135 0.135 0.135
1869 0.142 0.142 0.142 0.142
1870 0.147 0.147 0.147 0.147
1871 0.156 0.156 0.156 0.156
1872 0.173 0.173 0.173 0.173
1873 0.184 0.184 0.184 0.184
1874 0.174 0.174 0.174 0.174
1875 0.188 0.188 0.188 0.188
1876 0.191 0.191 0.191 0.191
1877 0.194 0.194 0.194 0.194
1878 0.196 0.196 0.196 0.196
1879 0.21 0.21 0.21 0.21
1880 0.236 0.236 0.236 0.236
1881 0.243 0.243 0.243 0.243
1882 0.256 0.256 0.256 0.256
1883 0.272 0.272 0.272 0.272
1884 0.275 0.275 0.275 0.275
1885 0.277 0.277 0.277 0.277
1886 0.281 0.281 0.281 0.281
1887 0.295 0.295 0.295 0.295
1888 0.327 0.327 0.327 0.327
1889 0.327 0.327 0.327 0.327
1890 0.356 0.356 0.356 0.356
1891 0.372 0.372 0.372 0.372
1892 0.374 0.374 0.374 0.374
1893 0.37 0.37 0.37 0.37
1894 0.383 0.383 0.383 0.383
1895 0.406 0.406 0.406 0.406
1896 0.419 0.419 0.419 0.419
1897 0.44 0.44 0.44 0.44
1898 0.465 0.465 0.465 0.465
1899 0.507 0.507 0.507 0.507
1900 0.534 0.534 0.534 0.534
1901 0.552 0.552 0.552 0.552
1902 0.566 0.566 0.566 0.566
1903 0.617 0.617 0.617 0.617
1904 0.624 0.624 0.624 0.624
1905 0.663 0.663 0.663 0.663
1906 0.707 0.707 0.707 0.707
1907 0.784 0.784 0.784 0.784
1908 0.75 0.75 0.75 0.75
1909 0.785 0.785 0.785 0.785
1910 0.819 0.819 0.819 0.819
1911 0.836 0.836 0.836 0.836
1912 0.879 0.879 0.879 0.879
1913 0.943 0.943 0.943 0.943
1914 0.85 0.85 0.85 0.85
1915 0.838 0.838 0.838 0.838
1916 0.901 0.901 0.901 0.901
1917 0.955 0.955 0.955 0.955
1918 0.936 0.936 0.936 0.936
1919 0.806 0.806 0.806 0.806
1920 0.932 0.932 0.932 0.932
1921 0.803 0.803 0.803 0.803
1922 0.845 0.845 0.845 0.845
1923 0.97 0.97 0.97 0.97
1924 0.963 0.963 0.963 0.963
1925 0.975 0.975 0.975 0.975
1926 0.983 0.983 0.983 0.983
1927 1.062 1.062 1.062 1.062
1928 1.065 1.065 1.065 1.065
1929 1.145 1.145 1.145 1.145
1930 1.053 1.053 1.053 1.053
1931 0.94 0.94 0.94 0.94
1932 0.847 0.847 0.847 0.847
1933 0.893 0.893 0.893 0.893
1934 0.973 0.973 0.973 0.973
1935 1.027 1.027 1.027 1.027
1936 1.13 1.13 1.13 1.13
1937 1.209 1.209 1.209 1.209
1938 1.142 1.142 1.142 1.142
1939 1.192 1.192 1.192 1.192
1940 1.299 1.299 1.299 1.299
1941 1.334 1.334 1.334 1.334
1942 1.342 1.342 1.342 1.342
1943 1.391 1.391 1.391 1.391
1944 1.383 1.383 1.383 1.383
1945 1.16 1.16 1.16 1.16
1946 1.238 1.238 1.238 1.238
1947 1.392 1.392 1.392 1.392
1948 1.469 1.469 1.469 1.469
1949 1.419 1.419 1.419 1.419
1950 1.63 1.63 1.63 1.63
1951 1.767 1.767 1.767 1.767
1952 1.795 1.795 1.795 1.795
1953 1.841 1.841 1.841 1.841
1954 1.865 1.865 1.865 1.865
1955 2.042 2.042 2.042 2.042
1956 2.177 2.177 2.177 2.177
1957 2.27 2.27 2.27 2.27
1958 2.33 2.33 2.33 2.33
1959 2.454 2.454 2.454 2.454
1960 2.569 2.569 2.569 2.569
1961 2.58 2.58 2.58 2.58
1962 2.686 2.686 2.686 2.686
1963 2.833 2.833 2.833 2.833
1964 2.995 2.995 2.995 2.995
1965 3.13 3.13 3.13 3.13
1966 3.288 3.288 3.288 3.288
1967 3.393 3.393 3.393 3.393
1968 3.566 3.566 3.566 3.566
1969 3.78 3.78 3.78 3.78
1970 4.053 4.053 4.053 4.053
1971 4.208 4.208 4.208 4.208
1972 4.376 4.376 4.376 4.376
1973 4.614 4.614 4.614 4.614
1974 4.623 4.623 4.623 4.623
1975 4.596 4.596 4.596 4.596
1976 4.864 4.864 4.864 4.864
1977 5.026 5.026 5.026 5.026
1978 5.087 5.087 5.087 5.087
1979 5.369 5.369 5.369 5.369
1980 5.315 5.315 5.315 5.315
1981 5.152 5.152 5.152 5.152
1982 5.113 5.113 5.113 5.113
1983 5.094 5.094 5.094 5.094
1984 5.28 5.28 5.28 5.28
1985 5.439 5.439 5.439 5.439
1986 5.607 5.607 5.607 5.607
1987 5.752 5.752 5.752 5.752
1988 5.965 5.965 5.965 5.965
1989 6.097 6.097 6.097 6.097
1990 6.127 6.127 6.127 6.127
1991 6.217 6.217 6.217 6.217
1992 6.164 6.164 6.164 6.164
1993 6.162 6.162 6.162 6.162
1994 6.266 6.266 6.266 6.266
1995 6.398 6.398 6.398 6.398
1996 6.542 6.542 6.542 6.542
1997 6.651 6.651 6.651 6.651
1998 6.643 6.643 6.643 6.643
1999 6.61 6.61 6.61 6.61
2000 6.765 6.765 6.765 6.765
2001 6.927 6.927 6.927 6.927
2002 6.996 6.996 6.996 6.996
2003 7.416 7.416 7.416 7.416
2004 7.807 7.807 7.807 7.807
2005 8.093 8.093 8.093 8.093
2006 8.37 8.37 8.37 8.37
2007 8.566 8.566 8.566 8.566
2008 8.783 8.783 8.783 8.783
2009 8.74 8.74 8.74 8.74
2010 9.167 9.167 9.167 9.167
2011 9.46 9.46 9.46 9.46
2012 9.667 9.667 9.667 9.667
2013 9.619625 9.692625 9.577375 9.900875
2014 9.57225 9.71825 9.48775 10.13475
2015 9.524875 9.743875 9.398125 10.368625
2016 9.4775 9.7695 9.3085 10.6025
2017 9.430125 9.795125 9.218875 10.836375
2018 9.38275 9.82075 9.12925 11.07025
2019 9.335375 9.846375 9.039625 11.304125
2020 9.288 9.872 8.95 11.538
2021 9.0749 9.9801 9.0545 11.7681
2022 8.8618 10.0882 9.159 11.9982
2023 8.6487 10.1963 9.2635 12.2283
2024 8.4356 10.3044 9.368 12.4584
2025 8.2225 10.4125 9.4725 12.6885
2026 8.0094 10.5206 9.577 12.9186
2027 7.7963 10.6287 9.6815 13.1487
2028 7.5832 10.7368 9.786 13.3788
2029 7.3701 10.8449 9.8905 13.6089
2030 7.157 10.953 9.995 13.839
2031 6.8948 10.9915 10.1509 14.1338
2032 6.6326 11.03 10.3068 14.4286
2033 6.3704 11.0685 10.4627 14.7234
2034 6.1082 11.107 10.6186 15.0182
2035 5.846 11.1455 10.7745 15.313
2036 5.5838 11.184 10.9304 15.6078
2037 5.3216 11.2225 11.0863 15.9026
2038 5.0594 11.261 11.2422 16.1974
2039 4.7972 11.2995 11.3981 16.4922
2040 4.535 11.338 11.554 16.787
2041 4.4001 11.3073 11.703 17.1288
2042 4.2652 11.2766 11.852 17.4706
2043 4.1303 11.2459 12.001 17.8124
2044 3.9954 11.2152 12.15 18.1542
2045 3.8605 11.1845 12.299 18.496
2046 3.7256 11.1538 12.448 18.8378
2047 3.5907 11.1231 12.597 19.1796
2048 3.4558 11.0924 12.746 19.5214
2049 3.3209 11.0617 12.895 19.8632
2050 3.186 11.031 13.044 20.205
2051 3.0093 10.868 13.222 20.5441
2052 2.8326 10.705 13.4 20.8832
2053 2.6559 10.542 13.578 21.2223
2054 2.4792 10.379 13.756 21.5614
2055 2.3025 10.216 13.934 21.9005
2056 2.1258 10.053 14.112 22.2396
2057 1.9491 9.89 14.29 22.5787
2058 1.7724 9.727 14.468 22.9178
2059 1.5957 9.564 14.646 23.2569
2060 1.419 9.401 14.824 23.596
2061 1.2887 9.1727 14.9922 23.8326
2062 1.1584 8.9444 15.1604 24.0692
2063 1.0281 8.7161 15.3286 24.3058
2064 0.8978 8.4878 15.4968 24.5424
2065 0.7675 8.2595 15.665 24.779
2066 0.6372 8.0312 15.8332 25.0156
2067 0.5069 7.8029 16.0014 25.2522
2068 0.3766 7.5746 16.1696 25.4888
2069 0.2463 7.3463 16.3378 25.7254
2070 0.116 7.118 16.506 25.962
2071 0.0611 6.8244 16.5835 26.1064
2072 0.0062 6.5308 16.661 26.2508
2073 -0.0487 6.2372 16.7385 26.3952
2074 -0.1036 5.9436 16.816 26.5396
2075 -0.1585 5.65 16.8935 26.684
2076 -0.2134 5.3564 16.971 26.8284
2077 -0.2683 5.0628 17.0485 26.9728
2078 -0.3232 4.7692 17.126 27.1172
2079 -0.3781 4.4756 17.2035 27.2616
2080 -0.433 4.182 17.281 27.406
2081 -0.4767 4.1831 16.9842 27.4991
2082 -0.5204 4.1842 16.6874 27.5922
2083 -0.5641 4.1853 16.3906 27.6853
2084 -0.6078 4.1864 16.0938 27.7784
2085 -0.6515 4.1875 15.797 27.8715
2086 -0.6952 4.1886 15.5002 27.9646
2087 -0.7389 4.1897 15.2034 28.0577
2088 -0.7826 4.1908 14.9066 28.1508
2089 -0.8263 4.1919 14.6098 28.2439
2090 -0.87 4.193 14.313 28.337
2091 -0.8761 4.194 14.257 28.3773
2092 -0.8822 4.195 14.201 28.4176
2093 -0.8883 4.196 14.145 28.4579
2094 -0.8944 4.197 14.089 28.4982
2095 -0.9005 4.198 14.033 28.5385
2096 -0.9066 4.199 13.977 28.5788
2097 -0.9127 4.2 13.921 28.6191
2098 -0.9188 4.201 13.865 28.6594
2099 -0.9249 4.202 13.809 28.6997
2100 -0.931 4.203 13.753 28.74
2101 -0.90307 4.07691 13.34041 27.8778
2102 -0.8759779 3.9546027 12.9401977 27.041466
2103 -0.849698563 3.835964619 12.551991769 26.23022202
2104 -0.82420760611 3.72088568043 12.17543201593 25.4433153594
2105 -0.7994813779267 3.6092591100171 11.8101690554521 24.680015898618
2106 -0.775496936588899 3.50098133671659 11.4558639837885 23.9396154216595
2107 -0.752232028491232 3.39595189661509 11.1121880642749 23.2214269590097
2108 -0.729665067636495 3.29407333971664 10.7788224223466 22.5247841502394
2109 -0.7077751156074 3.19525113952514 10.4554577496762 21.8490406257322
2110 -0.686541862139178 3.09939360533938 10.1417940171859 21.1935694069602
2111 -0.665945606275003 3.0064117971792 9.83754019667037 20.5577623247514
2112 -0.645967238086753 2.91621944326382 9.54241399077026 19.9410294550089
2113 -0.62658822094415 2.82873285996591 9.25614157104715 19.3427985713586
2114 -0.607790574315826 2.74387087416693 8.97845732391574 18.7625146142179
2115 -0.589556857086351 2.66155474794192 8.70910360419826 18.1996391757913
2116 -0.57187015137376 2.58170810550367 8.44783049607232 17.6536500005176
2117 -0.554714046832547 2.50425686233856 8.19439558119014 17.124040500502
2118 -0.538072625427571 2.4291291564684 7.94856371375444 16.610319285487
2119 -0.521930446664744 2.35625528177435 7.71010680234181 16.1120097069224
2120 -0.506272533264801 2.28556762332112 7.47880359827155 15.6286494157147
2121 -0.491084357266857 2.21700059462148 7.25443949032341 15.1597899332433
2122 -0.476351826548852 2.15049057678284 7.0368063056137 14.704996235246
2123 -0.462061271752386 2.08597585947935 6.82570211644529 14.2638463481886
2124 -0.448199433599814 2.02339658369497 6.62093105295193 13.8359309577429
2125 -0.43475345059182 1.96269468618412 6.42230312136337 13.4208530290106
2126 -0.421710847074065 1.9038138455986 6.22963402772247 13.0182274381403
2127 -0.409059521661843 1.84669943023064 6.0427450068908 12.6276806149961
2128 -0.396787736011988 1.79129844732372 5.86146265668407 12.2488501965462
2129 -0.384884103931628 1.73755949390401 5.68561877698355 11.8813846906498
2130 -0.37333758081368 1.68543270908689 5.51505021367405 11.5249431499303
2131 -0.362137453389269 1.63486972781428 5.34959870726382 11.1791948554324
2132 -0.351273329787591 1.58582363597986 5.18911074604591 10.8438190097695
2133 -0.340735129893963 1.53824892690046 5.03343742366453 10.5185044394764
2134 -0.330513075997144 1.49210145909345 4.8824343009546 10.2029493062921
2135 -0.32059768371723 1.44733841532064 4.73596127192596 9.89686082710332
2136 -0.310979753205713 1.40391826286102 4.59388243376818 9.59995500229022
2137 -0.301650360609542 1.36180071497519 4.45606596075513 9.31195635222151
2138 -0.292600849791256 1.32094669352594 4.32238398193248 9.03259766165487
2139 -0.283822824297518 1.28131829272016 4.19271246247451 8.76161973180522
2140 -0.275308139568592 1.24287874393855 4.06693108860027 8.49877113985107
2141 -0.267048895381535 1.2055923816204 3.94492315594226 8.24380800565553
2142 -0.259037428520089 1.16942461017179 3.82657546126399 7.99649376548587
2143 -0.251266305664486 1.13434187186663 3.71177819742607 7.75659895252129
2144 -0.243728316494551 1.10031161571063 3.60042485150329 7.52390098394565
2145 -0.236416466999715 1.06730226723931 3.49241210595819 7.29818395442728
2146 -0.229323972989723 1.03528319922213 3.38763974277945 7.07923843579446
2147 -0.222444253800032 1.00422470324547 3.28601055049606 6.86686128272063
2148 -0.215770926186031 0.974097962148106 3.18743023398118 6.66085544423901
2149 -0.20929779840045 0.944875023283663 3.09180732696175 6.46102978091184
2150 -0.203018864448436 0.916528772585153 2.99905310715289 6.26719888748448
2151 -0.196928298514983 0.889032909407598 2.90908151393831 6.07918292085995
2152 -0.191020449559534 0.86236192212537 2.82180906852016 5.89680743323415
2153 -0.185289836072748 0.836491064461609 2.73715479646455 5.71990321023713
2154 -0.179731140990565 0.811396332527761 2.65504015257062 5.54830611393001
2155 -0.174339206760848 0.787054442551928 2.5753889479935 5.38185693051211
2156 -0.169109030558023 0.76344280927537 2.49812727955369 5.22040122259675
2157 -0.164035759641282 0.740539524997109 2.42318346116708 5.06378918591885
2158 -0.159114686852044 0.718323339247196 2.35048795733207 4.91187551034128
2159 -0.154341246246482 0.69677363906978 2.27997331861211 4.76451924503104
2160 -0.149711008859088 0.675870429897686 2.21157411905374 4.62158366768011
2161 -0.145219678593315 0.655594317000756 2.14522689548213 4.48293615764971
2162 -0.140863088235516 0.635926487490733 2.08087008861767 4.34844807292022
2163 -0.13663719558845 0.616848692866011 2.01844398595914 4.21799463073261
2164 -0.132538079720797 0.598343232080031 1.95789066638036 4.09145479181063
2165 -0.128561937329173 0.58039293511763 1.89915394638895 3.96871114805631
2166 -0.124705079209298 0.562981147064101 1.84217932799728 3.84964981361462
2167 -0.120963926833019 0.546091712652178 1.78691394815737 3.73416031920618
2168 -0.117335009028028 0.529708961272612 1.73330652971264 3.62213550963
2169 -0.113814958757187 0.513817692434434 1.68130733382126 3.5134714443411
2170 -0.110400509994472 0.498403161661401 1.63086811380663 3.40806730101086
2171 -0.107088494694638 0.483451066811559 1.58194207039243 3.30582528198054
2172 -0.103875839853798 0.468947534807212 1.53448380828065 3.20665052352112
2173 -0.100759564658184 0.454879108762996 1.48844929403223 3.11045100781549
2174 -0.0977367777184389 0.441232735500106 1.44379581521127 3.01713747758102
2175 -0.0948046743868857 0.427995753435103 1.40048194075493 2.92662335325359
2176 -0.0919605341552792 0.41515588083205 1.35846748253228 2.83882465265599
2177 -0.0892017181306208 0.402701204407088 1.31771345805631 2.75365991307631
2178 -0.0865256665867021 0.390620168274876 1.27818205431462 2.67105011568402
2179 -0.0839298965891011 0.378901563226629 1.23983659268519 2.5909186122135
2180 -0.081411999691428 0.36753451632983 1.20264149490463 2.51319105384709
2181 -0.0789696397006852 0.356508480839935 1.16656225005749 2.43779532223168
2182 -0.0766005505096646 0.345813226414737 1.13156538255577 2.36466146256473
2183 -0.0743025339943747 0.335438829622295 1.09761842107909 2.29372161868779
2184 -0.0720734579745435 0.325375664733626 1.06468986844672 2.22490997012715
2185 -0.0699112542353072 0.315614394791618 1.03274917239332 2.15816267102334
2186 -0.0678139166082479 0.306145962947869 1.00176669722152 2.09341779089264
2187 -0.0657794991100005 0.296961584059433 0.971713696304873 2.03061525716586
2188 -0.0638061141367005 0.28805273653765 0.942562285415727 1.96969679945088
2189 -0.0618919307125995 0.27941115444152 0.914285416853255 1.91060589546736
2190 -0.0600351727912215 0.271028819808275 0.886856854347658 1.85328771860334
2191 -0.0582341176074848 0.262897955214026 0.860251148717228 1.79768908704524
2192 -0.0564870940792603 0.255011016557606 0.834443614255711 1.74375841443388
2193 -0.0547924812568825 0.247360686060877 0.80941030582804 1.69144566200086
2194 -0.053148706819176 0.239939865479051 0.785127996653198 1.64070229214084
2195 -0.0515542456146007 0.23274166951468 0.761574156753603 1.59148122337661
2196 -0.0500076182461627 0.225759419429239 0.738726932050994 1.54373678667531
2197 -0.0485073896987778 0.218986636846362 0.716565124089464 1.49742468307505
2198 -0.0470521680078145 0.212417037740971 0.69506817036678 1.4525019425828
2199 -0.04564060296758 0.206044526608742 0.674216125255777 1.40892688430532
2200 -0.0442713848785526 0.19986319081048 0.653989641498104 1.36665907777616
2201 -0.0429432433321961 0.193867295086165 0.634369952253161 1.32565930544287
2202 -0.0416549460322302 0.18805127623358 0.615338853685566 1.28588952627959
2203 -0.0404052976512633 0.182409737946573 0.596878688074999 1.2473128404912
2204 -0.0391931387217254 0.176937445808176 0.578972327432749 1.20989345527646
2205 -0.0380173445600736 0.171629322433931 0.561603157609766 1.17359665161817
2206 -0.0368768242232714 0.166480442760913 0.544755062881473 1.13838875206962
2207 -0.0357705194965733 0.161486029478085 0.528412410995029 1.10423708950754
2208 -0.0346974039116761 0.156641448593743 0.512560038665178 1.07110997682231
2209 -0.0336564817943258 0.15194220513593 0.497183237505223 1.03897667751764
2210 -0.032646787340496 0.147383938981852 0.482267740380066 1.00780737719211
2211 -0.0316673837202811 0.142962420812397 0.467799708168664 0.977573155876347
2212 -0.0307173622086727 0.138673548188025 0.453765716923604 0.948245961200057
2213 -0.0297958413424125 0.134513341742384 0.440152745415896 0.919798582364055
2214 -0.0289019661021401 0.130477941490113 0.426948163053419 0.892204624893133
2215 -0.0280349071190759 0.126563603245409 0.414139718161817 0.865438486146339
2216 -0.0271938599055036 0.122766695148047 0.401715526616962 0.839475331561949
2217 -0.0263780441083385 0.119083694293606 0.389664060818453 0.814291071615091
2218 -0.0255867027850884 0.115511183464797 0.3779741389939 0.789862339466638
2219 -0.0248191017015357 0.112045847960853 0.366634914824083 0.766166469282639
2220 -0.0240745286504897 0.108684472522028 0.35563586737936 0.74318147520416
2221 -0.023352292790975 0.105423938346367 0.344966791357979 0.720886030948035
2222 -0.0226517240072457 0.102261220195976 0.33461778761724 0.699259450019594
2223 -0.0219721722870283 0.0991933835900967 0.324579253988723 0.678281666519006
2224 -0.0213130071184175 0.0962175820823938 0.314841876369061 0.657933216523436
2225 -0.020673616904865 0.093331054619922 0.305396620077989 0.638195220027733
2226 -0.020053408397719 0.0905311229813243 0.296234721475649 0.619049363426901
2227 -0.0194518061457874 0.0878151892918846 0.28734767983138 0.600477882524094
2228 -0.0188682519614138 0.0851807336131281 0.278727249436439 0.582463546048371
2229 -0.0183022044025714 0.0826253116047342 0.270365431953345 0.56498963966692
2230 -0.0177531382704943 0.0801465522565922 0.262254468994745 0.548039950476912
2231 -0.0172205441223794 0.0777421556888944 0.254386834924903 0.531598751962605
2232 -0.0167039277987081 0.0754098910182276 0.246755229877156 0.515650789403726
2233 -0.0162028099647468 0.0731475942876808 0.239352572980841 0.500181265721614
2234 -0.0157167256658044 0.0709531664590504 0.232171995791416 0.485175827749966
2235 -0.0152452238958303 0.0688245714652788 0.225206835917673 0.470620552917467
2236 -0.0147878671789554 0.0667598343213205 0.218450630840143 0.456501936329943
2237 -0.0143442311635867 0.0647570392916809 0.211897111914939 0.442806878240045
2238 -0.0139139042286791 0.0628143281129304 0.205540198557491 0.429522671892843
2239 -0.0134964871018187 0.0609298982695425 0.199373992600766 0.416636991736058
2240 -0.0130915924887642 0.0591020013214562 0.193392772822743 0.404137881983976
2241 -0.0126988447141012 0.0573289412818125 0.187590989638061 0.392013745524457
2242 -0.0123178793726782 0.0556090730433582 0.181963259948919 0.380253333158723
2243 -0.0119483429914979 0.0539408008520574 0.176504362150451 0.368845733163962
2244 -0.0115898927017529 0.0523225768264957 0.171209231285938 0.357780361169043
2245 -0.0112421959207003 0.0507528995217008 0.166072954347359 0.347046950333971
2246 -0.0109049300430793 0.0492303125360498 0.161090765716939 0.336635541823952
2247 -0.0105777821417869 0.0477534031599683 0.156258042745431 0.326536475569234
2248 -0.0102604486775333 0.0463208010651693 0.151570301463068 0.316740381302157
2249 -0.00995263521720734 0.0449311770332142 0.147023192419176 0.307238169863092
2250 -0.00965405616069111 0.0435832417222178 0.1426124966466 0.298021024767199
2251 -0.00936443447587038 0.0422757444705512 0.138334121747202 0.289080394024183
2252 -0.00908350144159427 0.0410074721364347 0.134184098094786 0.280407982203458
2253 -0.00881099639834644 0.0397772479723416 0.130158575151943 0.271995742737354
2254 -0.00854666650639605 0.0385839305331714 0.126253817897384 0.263835870455233
2255 -0.00829026651120417 0.0374264126171762 0.122466203360463 0.255920794341576
2256 -0.00804155851586804 0.036303620238661 0.118792217259649 0.248243170511329
2257 -0.007800311760392 0.0352145116315011 0.115228450741859 0.240795875395989
2258 -0.00756630240758024 0.0341580762825561 0.111771597219604 0.23357199913411
2259 -0.00733931333535283 0.0331333339940794 0.108418449303016 0.226564839160086
2260 -0.00711913393529225 0.032139333974257 0.105165895823925 0.219767893985284
2261 -0.00690555991723348 0.0311751539550293 0.102010918949207 0.213174857165725
2262 -0.00669839311971647 0.0302398993363784 0.0989505913807311 0.206779611450753
2263 -0.00649744132612498 0.0293327023562871 0.0959820736393092 0.200576223107231
2264 -0.00630251808634123 0.0284527212855985 0.0931026114301299 0.194558936414014
2265 -0.00611344254375099 0.0275991396470305 0.090309533087226 0.188722168321593
2266 -0.00593003926743846 0.0267711654576196 0.0876002470946092 0.183060503271946
2267 -0.00575213808941531 0.025968030493891 0.0849722396817709 0.177568688173787
2268 -0.00557957394673285 0.0251889895790743 0.0824230724913178 0.172241627528574
2269 -0.00541218672833087 0.0244333198917021 0.0799503803165783 0.167074378702716
2270 -0.00524982112648094 0.023700320294951 0.0775518689070809 0.162062147341635
2271 -0.00509232649268651 0.0229893106861025 0.0752253128398685 0.157200282921386
2272 -0.00493955669790592 0.0222996313655194 0.0729685534546724 0.152484274433744
2273 -0.00479136999696874 0.0216306424245538 0.0707794968510323 0.147909746200732
2274 -0.00464762889705968 0.0209817231518172 0.0686561119455013 0.14347245381471
2275 -0.00450820003014789 0.0203522714572627 0.0665964285871363 0.139168280200269
2276 -0.00437295402924345 0.0197417033135448 0.0645985357295222 0.134993231794261
2277 -0.00424176540836615 0.0191494522141384 0.0626605796576365 0.130943434840433
2278 -0.00411451244611516 0.0185749686477143 0.0607807622679074 0.12701513179522
2279 -0.00399107707273171 0.0180177195882829 0.0589573393998702 0.123204677841363
2280 -0.00387134476054975 0.0174771880006344 0.0571886192178741 0.119508537506122
2281 -0.00375520441773326 0.0169528723606153 0.0554729606413378 0.115923281380939
2282 -0.00364254828520126 0.0164442861897969 0.0538087718220977 0.11244558293951
2283 -0.00353327183664523 0.015950957604103 0.0521945086674348 0.109072215451325
2284 -0.00342727368154587 0.0154724288759799 0.0506286734074117 0.105800048987785
2285 -0.00332445547109949 0.0150082560097005 0.0491098132051894 0.102626047518152
2286 -0.00322472180696651 0.0145580083294095 0.0476365188090337 0.0995472660926072
2287 -0.00312798015275751 0.0141212680795272 0.0462074232447627 0.096560848109829
2288 -0.00303414074817479 0.0136976300371414 0.0448212005474198 0.0936640226665341
2289 -0.00294311652572954 0.0132867011360271 0.0434765645309972 0.0908541019865381
2290 -0.00285482302995766 0.0128881001019463 0.0421722675950673 0.088128478926942
2291 -0.00276917833905893 0.0125014570988879 0.0409070995672153 0.0854846245591337
2292 -0.00268610298888716 0.0121264133859213 0.0396798865801988 0.0829200858223597
2293 -0.00260551989922054 0.0117626209843437 0.0384894899827928 0.0804324832476889
2294 -0.00252735430224393 0.0114097423548133 0.037334805283309 0.0780195087502582
2295 -0.00245153367317661 0.0110674500841689 0.0362147611248098 0.0756789234877505
2296 -0.00237798766298131 0.0107354265816439 0.0351283182910655 0.073408555783118
2297 -0.00230664803309187 0.0104133637841946 0.0340744687423335 0.0712062991096244
2298 -0.00223744859209912 0.0101009628706687 0.0330522346800635 0.0690701101363357
2299 -0.00217032513433614 0.00979793398454866 0.0320606676396616 0.0669980068322456
2300 -0.00210521538030606 0.0095039959650122 0.0310988476104718 0.0649880666272783
2301 0 0 0 0
2302 0 0 0 0
2303 0 0 0 0
2304 0 0 0 0
2305 0 0 0 0
2306 0 0 0 0
2307 0 0 0 0
2308 0 0 0 0
2309 0 0 0 0
2310 0 0 0 0
2311 0 0 0 0
2312 0 0 0 0
2313 0 0 0 0
2314 0 0 0 0
2315 0 0 0 0
2316 0 0 0 0
2317 0 0 0 0
2318 0 0 0 0
2319 0 0 0 0
2320 0 0 0 0
2321 0 0 0 0
2322 0 0 0 0
2323 0 0 0 0
2324 0 0 0 0
2325 0 0 0 0
2326 0 0 0 0
2327 0 0 0 0
2328 0 0 0 0
2329 0 0 0 0
2330 0 0 0 0
2331 0 0 0 0
2332 0 0 0 0
2333 0 0 0 0
2334 0 0 0 0
2335 0 0 0 0
2336 0 0 0 0
2337 0 0 0 0
2338 0 0 0 0
2339 0 0 0 0
2340 0 0 0 0
2341 0 0 0 0
2342 0 0 0 0
2343 0 0 0 0
2344 0 0 0 0
2345 0 0 0 0
2346 0 0 0 0
2347 0 0 0 0
2348 0 0 0 0
2349 0 0 0 0
2350 0 0 0 0
2351 0 0 0 0
2352 0 0 0 0
2353 0 0 0 0
2354 0 0 0 0
2355 0 0 0 0
2356 0 0 0 0
2357 0 0 0 0
2358 0 0 0 0
2359 0 0 0 0
2360 0 0 0 0
2361 0 0 0 0
2362 0 0 0 0
2363 0 0 0 0
2364 0 0 0 0
2365 0 0 0 0
2366 0 0 0 0
2367 0 0 0 0
2368 0 0 0 0
2369 0 0 0 0
2370 0 0 0 0
2371 0 0 0 0
2372 0 0 0 0
2373 0 0 0 0
2374 0 0 0 0
2375 0 0 0 0
2376 0 0 0 0
2377 0 0 0 0
2378 0 0 0 0
2379 0 0 0 0
2380 0 0 0 0
2381 0 0 0 0
2382 0 0 0 0
2383 0 0 0 0
2384 0 0 0 0
2385 0 0 0 0
2386 0 0 0 0
2387 0 0 0 0
2388 0 0 0 0
2389 0 0 0 0
2390 0 0 0 0
2391 0 0 0 0
2392 0 0 0 0
2393 0 0 0 0
2394 0 0 0 0
2395 0 0 0 0
2396 0 0 0 0
2397 0 0 0 0
2398 0 0 0 0
2399 0 0 0 0
2400 0 0 0 0
2401 0 0 0 0
2402 0 0 0 0
2403 0 0 0 0
2404 0 0 0 0
2405 0 0 0 0
2406 0 0 0 0
2407 0 0 0 0
2408 0 0 0 0
2409 0 0 0 0
2410 0 0 0 0
2411 0 0 0 0
2412 0 0 0 0
2413 0 0 0 0
2414 0 0 0 0
2415 0 0 0 0
2416 0 0 0 0
2417 0 0 0 0
2418 0 0 0 0
2419 0 0 0 0
2420 0 0 0 0
2421 0 0 0 0
2422 0 0 0 0
2423 0 0 0 0
2424 0 0 0 0
2425 0 0 0 0
2426 0 0 0 0
2427 0 0 0 0
2428 0 0 0 0
2429 0 0 0 0
2430 0 0 0 0
2431 0 0 0 0
2432 0 0 0 0
2433 0 0 0 0
2434 0 0 0 0
2435 0 0 0 0
2436 0 0 0 0
2437 0 0 0 0
2438 0 0 0 0
2439 0 0 0 0
2440 0 0 0 0
2441 0 0 0 0
2442 0 0 0 0
2443 0 0 0 0
2444 0 0 0 0
2445 0 0 0 0
2446 0 0 0 0
2447 0 0 0 0
2448 0 0 0 0
2449 0 0 0 0
2450 0 0 0 0
2451 0 0 0 0
2452 0 0 0 0
2453 0 0 0 0
2454 0 0 0 0
2455 0 0 0 0
2456 0 0 0 0
2457 0 0 0 0
2458 0 0 0 0
2459 0 0 0 0
2460 0 0 0 0
2461 0 0 0 0
2462 0 0 0 0
2463 0 0 0 0
2464 0 0 0 0
2465 0 0 0 0
2466 0 0 0 0
2467 0 0 0 0
2468 0 0 0 0
2469 0 0 0 0
2470 0 0 0 0
2471 0 0 0 0
2472 0 0 0 0
2473 0 0 0 0
2474 0 0 0 0
2475 0 0 0 0
2476 0 0 0 0
2477 0 0 0 0
2478 0 0 0 0
2479 0 0 0 0
2480 0 0 0 0
2481 0 0 0 0
2482 0 0 0 0
2483 0 0 0 0
2484 0 0 0 0
2485 0 0 0 0
2486 0 0 0 0
2487 0 0 0 0
2488 0 0 0 0
2489 0 0 0 0
2490 0 0 0 0
2491 0 0 0 0
2492 0 0 0 0
2493 0 0 0 0
2494 0 0 0 0
2495 0 0 0 0
2496 0 0 0 0
2497 0 0 0 0
2498 0 0 0 0
2499 0 0 0 0
2500 0 0 0 0
2501 0 0 0 0
2502 0 0 0 0
2503 0 0 0 0
2504 0 0 0 0
2505 0 0 0 0
2506 0 0 0 0
2507 0 0 0 0
2508 0 0 0 0
2509 0 0 0 0
2510 0 0 0 0
2511 0 0 0 0
2512 0 0 0 0
2513 0 0 0 0
2514 0 0 0 0
2515 0 0 0 0
2516 0 0 0 0
2517 0 0 0 0
2518 0 0 0 0
2519 0 0 0 0
2520 0 0 0 0
2521 0 0 0 0
2522 0 0 0 0
2523 0 0 0 0
2524 0 0 0 0
2525 0 0 0 0
2526 0 0 0 0
2527 0 0 0 0
2528 0 0 0 0
2529 0 0 0 0
2530 0 0 0 0
2531 0 0 0 0
2532 0 0 0 0
2533 0 0 0 0
2534 0 0 0 0
2535 0 0 0 0
2536 0 0 0 0
2537 0 0 0 0
2538 0 0 0 0
2539 0 0 0 0
2540 0 0 0 0
2541 0 0 0 0
2542 0 0 0 0
2543 0 0 0 0
2544 0 0 0 0
2545 0 0 0 0
2546 0 0 0 0
2547 0 0 0 0
2548 0 0 0 0
2549 0 0 0 0
2550 0 0 0 0
2551 0 0 0 0
2552 0 0 0 0
2553 0 0 0 0
2554 0 0 0 0
2555 0 0 0 0
2556 0 0 0 0
2557 0 0 0 0
2558 0 0 0 0
2559 0 0 0 0
2560 0 0 0 0
2561 0 0 0 0
2562 0 0 0 0
2563 0 0 0 0
2564 0 0 0 0
2565 0 0 0 0
2566 0 0 0 0
2567 0 0 0 0
2568 0 0 0 0
2569 0 0 0 0
2570 0 0 0 0
2571 0 0 0 0
2572 0 0 0 0
2573 0 0 0 0
2574 0 0 0 0
2575 0 0 0 0
2576 0 0 0 0
2577 0 0 0 0
2578 0 0 0 0
2579 0 0 0 0
2580 0 0 0 0
2581 0 0 0 0
2582 0 0 0 0
2583 0 0 0 0
2584 0 0 0 0
2585 0 0 0 0
2586 0 0 0 0
2587 0 0 0 0
2588 0 0 0 0
2589 0 0 0 0
2590 0 0 0 0
2591 0 0 0 0
2592 0 0 0 0
2593 0 0 0 0
2594 0 0 0 0
2595 0 0 0 0
2596 0 0 0 0
2597 0 0 0 0
2598 0 0 0 0
2599 0 0 0 0
2600 0 0 0 0
2601 0 0 0 0
2602 0 0 0 0
2603 0 0 0 0
2604 0 0 0 0
2605 0 0 0 0
2606 0 0 0 0
2607 0 0 0 0
2608 0 0 0 0
2609 0 0 0 0
2610 0 0 0 0
2611 0 0 0 0
2612 0 0 0 0
2613 0 0 0 0
2614 0 0 0 0
2615 0 0 0 0
2616 0 0 0 0
2617 0 0 0 0
2618 0 0 0 0
2619 0 0 0 0
2620 0 0 0 0
2621 0 0 0 0
2622 0 0 0 0
2623 0 0 0 0
2624 0 0 0 0
2625 0 0 0 0
2626 0 0 0 0
2627 0 0 0 0
2628 0 0 0 0
2629 0 0 0 0
2630 0 0 0 0
2631 0 0 0 0
2632 0 0 0 0
2633 0 0 0 0
2634 0 0 0 0
2635 0 0 0 0
2636 0 0 0 0
2637 0 0 0 0
2638 0 0 0 0
2639 0 0 0 0
2640 0 0 0 0
2641 0 0 0 0
2642 0 0 0 0
2643 0 0 0 0
2644 0 0 0 0
2645 0 0 0 0
2646 0 0 0 0
2647 0 0 0 0
2648 0 0 0 0
2649 0 0 0 0
2650 0 0 0 0
2651 0 0 0 0
2652 0 0 0 0
2653 0 0 0 0
2654 0 0 0 0
2655 0 0 0 0
2656 0 0 0 0
2657 0 0 0 0
2658 0 0 0 0
2659 0 0 0 0
2660 0 0 0 0
2661 0 0 0 0
2662 0 0 0 0
2663 0 0 0 0
2664 0 0 0 0
2665 0 0 0 0
2666 0 0 0 0
2667 0 0 0 0
2668 0 0 0 0
2669 0 0 0 0
2670 0 0 0 0
2671 0 0 0 0
2672 0 0 0 0
2673 0 0 0 0
2674 0 0 0 0
2675 0 0 0 0
2676 0 0 0 0
2677 0 0 0 0
2678 0 0 0 0
2679 0 0 0 0
2680 0 0 0 0
2681 0 0 0 0
2682 0 0 0 0
2683 0 0 0 0
2684 0 0 0 0
2685 0 0 0 0
2686 0 0 0 0
2687 0 0 0 0
2688 0 0 0 0
2689 0 0 0 0
2690 0 0 0 0
2691 0 0 0 0
2692 0 0 0 0
2693 0 0 0 0
2694 0 0 0 0
2695 0 0 0 0
2696 0 0 0 0
2697 0 0 0 0
2698 0 0 0 0
2699 0 0 0 0
2700 0 0 0 0
2701 0 0 0 0
2702 0 0 0 0
2703 0 0 0 0
2704 0 0 0 0
2705 0 0 0 0
2706 0 0 0 0
2707 0 0 0 0
2708 0 0 0 0
2709 0 0 0 0
2710 0 0 0 0
2711 0 0 0 0
2712 0 0 0 0
2713 0 0 0 0
2714 0 0 0 0
2715 0 0 0 0
2716 0 0 0 0
2717 0 0 0 0
2718 0 0 0 0
2719 0 0 0 0
2720 0 0 0 0
2721 0 0 0 0
2722 0 0 0 0
2723 0 0 0 0
2724 0 0 0 0
2725 0 0 0 0
2726 0 0 0 0
2727 0 0 0 0
2728 0 0 0 0
2729 0 0 0 0
2730 0 0 0 0
2731 0 0 0 0
2732 0 0 0 0
2733 0 0 0 0
2734 0 0 0 0
2735 0 0 0 0
2736 0 0 0 0
2737 0 0 0 0
2738 0 0 0 0
2739 0 0 0 0
2740 0 0 0 0
2741 0 0 0 0
2742 0 0 0 0
2743 0 0 0 0
2744 0 0 0 0
2745 0 0 0 0
2746 0 0 0 0
2747 0 0 0 0
2748 0 0 0 0
2749 0 0 0 0
2750 0 0 0 0
2751 0 0 0 0
2752 0 0 0 0
2753 0 0 0 0
2754 0 0 0 0
2755 0 0 0 0
2756 0 0 0 0
2757 0 0 0 0
2758 0 0 0 0
2759 0 0 0 0
2760 0 0 0 0
2761 0 0 0 0
2762 0 0 0 0
2763 0 0 0 0
2764 0 0 0 0
2765 0 0 0 0
2766 0 0 0 0
2767 0 0 0 0
2768 0 0 0 0
2769 0 0 0 0
2770 0 0 0 0
2771 0 0 0 0
2772 0 0 0 0
2773 0 0 0 0
2774 0 0 0 0
2775 0 0 0 0
2776 0 0 0 0
2777 0 0 0 0
2778 0 0 0 0
2779 0 0 0 0
2780 0 0 0 0
2781 0 0 0 0
2782 0 0 0 0
2783 0 0 0 0
2784 0 0 0 0
2785 0 0 0 0
2786 0 0 0 0
2787 0 0 0 0
2788 0 0 0 0
2789 0 0 0 0
2790 0 0 0 0
2791 0 0 0 0
2792 0 0 0 0
2793 0 0 0 0
2794 0 0 0 0
2795 0 0 0 0
2796 0 0 0 0
2797 0 0 0 0
2798 0 0 0 0
2799 0 0 0 0
2800 0 0 0 0
2801 0 0 0 0
2802 0 0 0 0
2803 0 0 0 0
2804 0 0 0 0
2805 0 0 0 0
2806 0 0 0 0
2807 0 0 0 0
2808 0 0 0 0
2809 0 0 0 0
2810 0 0 0 0
2811 0 0 0 0
2812 0 0 0 0
2813 0 0 0 0
2814 0 0 0 0
2815 0 0 0 0
2816 0 0 0 0
2817 0 0 0 0
2818 0 0 0 0
2819 0 0 0 0
2820 0 0 0 0
2821 0 0 0 0
2822 0 0 0 0
2823 0 0 0 0
2824 0 0 0 0
2825 0 0 0 0
2826 0 0 0 0
2827 0 0 0 0
2828 0 0 0 0
2829 0 0 0 0
2830 0 0 0 0
2831 0 0 0 0
2832 0 0 0 0
2833 0 0 0 0
2834 0 0 0 0
2835 0 0 0 0
2836 0 0 0 0
2837 0 0 0 0
2838 0 0 0 0
2839 0 0 0 0
2840 0 0 0 0
2841 0 0 0 0
2842 0 0 0 0
2843 0 0 0 0
2844 0 0 0 0
2845 0 0 0 0
2846 0 0 0 0
2847 0 0 0 0
2848 0 0 0 0
2849 0 0 0 0
2850 0 0 0 0
2851 0 0 0 0
2852 0 0 0 0
2853 0 0 0 0
2854 0 0 0 0
2855 0 0 0 0
2856 0 0 0 0
2857 0 0 0 0
2858 0 0 0 0
2859 0 0 0 0
2860 0 0 0 0
2861 0 0 0 0
2862 0 0 0 0
2863 0 0 0 0
2864 0 0 0 0
2865 0 0 0 0
2866 0 0 0 0
2867 0 0 0 0
2868 0 0 0 0
2869 0 0 0 0
2870 0 0 0 0
2871 0 0 0 0
2872 0 0 0 0
2873 0 0 0 0
2874 0 0 0 0
2875 0 0 0 0
2876 0 0 0 0
2877 0 0 0 0
2878 0 0 0 0
2879 0 0 0 0
2880 0 0 0 0
2881 0 0 0 0
2882 0 0 0 0
2883 0 0 0 0
2884 0 0 0 0
2885 0 0 0 0
2886 0 0 0 0
2887 0 0 0 0
2888 0 0 0 0
2889 0 0 0 0
2890 0 0 0 0
2891 0 0 0 0
2892 0 0 0 0
2893 0 0 0 0
2894 0 0 0 0
2895 0 0 0 0
2896 0 0 0 0
2897 0 0 0 0
2898 0 0 0 0
2899 0 0 0 0
2900 0 0 0 0
2901 0 0 0 0
2902 0 0 0 0
2903 0 0 0 0
2904 0 0 0 0
2905 0 0 0 0
2906 0 0 0 0
2907 0 0 0 0
2908 0 0 0 0
2909 0 0 0 0
2910 0 0 0 0
2911 0 0 0 0
2912 0 0 0 0
2913 0 0 0 0
2914 0 0 0 0
2915 0 0 0 0
2916 0 0 0 0
2917 0 0 0 0
2918 0 0 0 0
2919 0 0 0 0
2920 0 0 0 0
2921 0 0 0 0
2922 0 0 0 0
2923 0 0 0 0
2924 0 0 0 0
2925 0 0 0 0
2926 0 0 0 0
2927 0 0 0 0
2928 0 0 0 0
2929 0 0 0 0
2930 0 0 0 0
2931 0 0 0 0
2932 0 0 0 0
2933 0 0 0 0
2934 0 0 0 0
2935 0 0 0 0
2936 0 0 0 0
2937 0 0 0 0
2938 0 0 0 0
2939 0 0 0 0
2940 0 0 0 0
2941 0 0 0 0
2942 0 0 0 0
2943 0 0 0 0
2944 0 0 0 0
2945 0 0 0 0
2946 0 0 0 0
2947 0 0 0 0
2948 0 0 0 0
2949 0 0 0 0
2950 0 0 0 0
2951 0 0 0 0
2952 0 0 0 0
2953 0 0 0 0
2954 0 0 0 0
2955 0 0 0 0
2956 0 0 0 0
2957 0 0 0 0
2958 0 0 0 0
2959 0 0 0 0
2960 0 0 0 0
2961 0 0 0 0
2962 0 0 0 0
2963 0 0 0 0
2964 0 0 0 0
2965 0 0 0 0
2966 0 0 0 0
2967 0 0 0 0
2968 0 0 0 0
2969 0 0 0 0
2970 0 0 0 0
2971 0 0 0 0
2972 0 0 0 0
2973 0 0 0 0
2974 0 0 0 0
2975 0 0 0 0
2976 0 0 0 0
2977 0 0 0 0
2978 0 0 0 0
2979 0 0 0 0
2980 0 0 0 0
2981 0 0 0 0
2982 0 0 0 0
2983 0 0 0 0
2984 0 0 0 0
2985 0 0 0 0
2986 0 0 0 0
2987 0 0 0 0
2988 0 0 0 0
2989 0 0 0 0
2990 0 0 0 0
2991 0 0 0 0
2992 0 0 0 0
2993 0 0 0 0
2994 0 0 0 0
2995 0 0 0 0
2996 0 0 0 0
2997 0 0 0 0
2998 0 0 0 0
2999 0 0 0 0
3000 0 0 0 0
