year RCP2.6 RCP4.5 RCP6 RCP8.5
1 0 0 0 0
2 0 0 0 0
3 0 0 0 0
4 0 0 0 0
5 0 0 0 0
6 0 0 0 0
7 0 0 0 0
8 0 0 0 0
9 0 0 0 0
10 0 0 0 0
11 0 0 0 0
12 0 0 0 0
13 0 0 0 0
14 0 0 0 0
15 0 0 0 0
16 0 0 0 0
17 0 0 0 0
18 0 0 0 0
19 0 0 0 0
20 0 0 0 0
21 0 0 0 0
22 0 0 0 0
23 0 0 0 0
24 0 0 0 0
25 0 0 0 0
26 0 0 0 0
27 0 0 0 0
28 0 0 0 0
29 0 0 0 0
30 0 0 0 0
31 0 0 0 0
32 0 0 0 0
33 0 0 0 0
34 0 0 0 0
35 0 0 0 0
36 0 0 0 0
37 0 0 0 0
38 0 0 0 0
39 0 0 0 0
40 0 0 0 0
41 0 0 0 0
42 0 0 0 0
43 0 0 0 0
44 0 0 0 0
45 0 0 0 0
46 0 0 0 0
47 0 0 0 0
48 0 0 0 0
49 0 0 0 0
50 0 0 0 0
51 0 0 0 0
52 0 0 0 0
53 0 0 0 0
54 0 0 0 0
55 0 0 0 0
56 0 0 0 0
57 0 0 0 0
58 0 0 0 0
59 0 0 0 0
60 0 0 0 0
61 0 0 0 0
62 0 0 0 0
63 0 0 0 0
64 0 0 0 0
65 0 0 0 0
66 0 0 0 0
67 0 0 0 0
68 0 0 0 0
69 0 0 0 0
70 0 0 0 0
71 0 0 0 0
72 0 0 0 0
73 0 0 0 0
74 0 0 0 0
75 0 0 0 0
76 0 0 0 0
77 0 0 0 0
78 0 0 0 0
79 0 0 0 0
80 0 0 0 0
81 0 0 0 0
82 0 0 0 0
83 0 0 0 0
84 0 0 0 0
85 0 0 0 0
86 0 0 0 0
87 0 0 0 0
88 0 0 0 0
89 0 0 0 0
90 0 0 0 0
91 0 0 0 0
92 0 0 0 0
93 0 0 0 0
94 0 0 0 0
95 0 0 0 0
96 0 0 0 0
97 0 0 0 0
98 0 0 0 0
99 0 0 0 0
100 0 0 0 0
101 0 0 0 0
102 0 0 0 0
103 0 0 0 0
104 0 0 0 0
105 0 0 0 0
106 0 0 0 0
107 0 0 0 0
108 0 0 0 0
109 0 0 0 0
110 0 0 0 0
111 0 0 0 0
112 0 0 0 0
113 0 0 0 0
114 0 0 0 0
115 0 0 0 0
116 0 0 0 0
117 0 0 0 0
118 0 0 0 0
119 0 0 0 0
120 0 0 0 0
121 0 0 0 0
122 0 0 0 0
123 0 0 0 0
124 0 0 0 0
125 0 0 0 0
126 0 0 0 0
127 0 0 0 0
128 0 0 0 0
129 0 0 0 0
130 0 0 0 0
131 0 0 0 0
132 0 0 0 0
133 0 0 0 0
134 0 0 0 0
135 0 0 0 0
136 0 0 0 0
137 0 0 0 0
138 0 0 0 0
139 0 0 0 0
140 0 0 0 0
141 0 0 0 0
142 0 0 0 0
143 0 0 0 0
144 0 0 0 0
145 0 0 0 0
146 0 0 0 0
147 0 0 0 0
148 0 0 0 0
149 0 0 0 0
150 0 0 0 0
151 0 0 0 0
152 0 0 0 0
153 0 0 0 0
154 0 0 0 0
155 0 0 0 0
156 0 0 0 0
157 0 0 0 0
158 0 0 0 0
159 0 0 0 0
160 0 0 0 0
161 0 0 0 0
162 0 0 0 0
163 0 0 0 0
164 0 0 0 0
165 0 0 0 0
166 0 0 0 0
167 0 0 0 0
168 0 0 0 0
169 0 0 0 0
170 0 0 0 0
171 0 0 0 0
172 0 0 0 0
173 0 0 0 0
174 0 0 0 0
175 0 0 0 0
176 0 0 0 0
177 0 0 0 0
178 0 0 0 0
179 0 0 0 0
180 0 0 0 0
181 0 0 0 0
182 0 0 0 0
183 0 0 0 0
184 0 0 0 0
185 0 0 0 0
186 0 0 0 0
187 0 0 0 0
188 0 0 0 0
189 0 0 0 0
190 0 0 0 0
191 0 0 0 0
192 0 0 0 0
193 0 0 0 0
194 0 0 0 0
195 0 0 0 0
196 0 0 0 0
197 0 0 0 0
198 0 0 0 0
199 0 0 0 0
200 0 0 0 0
201 0 0 0 0
202 0 0 0 0
203 0 0 0 0
204 0 0 0 0
205 0 0 0 0
206 0 0 0 0
207 0 0 0 0
208 0 0 0 0
209 0 0 0 0
210 0 0 0 0
211 0 0 0 0
212 0 0 0 0
213 0 0 0 0
214 0 0 0 0
215 0 0 0 0
216 0 0 0 0
217 0 0 0 0
218 0 0 0 0
219 0 0 0 0
220 0 0 0 0
221 0 0 0 0
222 0 0 0 0
223 0 0 0 0
224 0 0 0 0
225 0 0 0 0
226 0 0 0 0
227 0 0 0 0
228 0 0 0 0
229 0 0 0 0
230 0 0 0 0
231 0 0 0 0
232 0 0 0 0
233 0 0 0 0
234 0 0 0 0
235 0 0 0 0
236 0 0 0 0
237 0 0 0 0
238 0 0 0 0
239 0 0 0 0
240 0 0 0 0
241 0 0 0 0
242 0 0 0 0
243 0 0 0 0
244 0 0 0 0
245 0 0 0 0
246 0 0 0 0
247 0 0 0 0
248 0 0 0 0
249 0 0 0 0
250 0 0 0 0
251 0 0 0 0
252 0 0 0 0
253 0 0 0 0
254 0 0 0 0
255 0 0 0 0
256 0 0 0 0
257 0 0 0 0
258 0 0 0 0
259 0 0 0 0
260 0 0 0 0
261 0 0 0 0
262 0 0 0 0
263 0 0 0 0
264 0 0 0 0
265 0 0 0 0
266 0 0 0 0
267 0 0 0 0
268 0 0 0 0
269 0 0 0 0
270 0 0 0 0
271 0 0 0 0
272 0 0 0 0
273 0 0 0 0
274 0 0 0 0
275 0 0 0 0
276 0 0 0 0
277 0 0 0 0
278 0 0 0 0
279 0 0 0 0
280 0 0 0 0
281 0 0 0 0
282 0 0 0 0
283 0 0 0 0
284 0 0 0 0
285 0 0 0 0
286 0 0 0 0
287 0 0 0 0
288 0 0 0 0
289 0 0 0 0
290 0 0 0 0
291 0 0 0 0
292 0 0 0 0
293 0 0 0 0
294 0 0 0 0
295 0 0 0 0
296 0 0 0 0
297 0 0 0 0
298 0 0 0 0
299 0 0 0 0
300 0 0 0 0
301 0 0 0 0
302 0 0 0 0
303 0 0 0 0
304 0 0 0 0
305 0 0 0 0
306 0 0 0 0
307 0 0 0 0
308 0 0 0 0
309 0 0 0 0
310 0 0 0 0
311 0 0 0 0
312 0 0 0 0
313 0 0 0 0
314 0 0 0 0
315 0 0 0 0
316 0 0 0 0
317 0 0 0 0
318 0 0 0 0
319 0 0 0 0
320 0 0 0 0
321 0 0 0 0
322 0 0 0 0
323 0 0 0 0
324 0 0 0 0
325 0 0 0 0
326 0 0 0 0
327 0 0 0 0
328 0 0 0 0
329 0 0 0 0
330 0 0 0 0
331 0 0 0 0
332 0 0 0 0
333 0 0 0 0
334 0 0 0 0
335 0 0 0 0
336 0 0 0 0
337 0 0 0 0
338 0 0 0 0
339 0 0 0 0
340 0 0 0 0
341 0 0 0 0
342 0 0 0 0
343 0 0 0 0
344 0 0 0 0
345 0 0 0 0
346 0 0 0 0
347 0 0 0 0
348 0 0 0 0
349 0 0 0 0
350 0 0 0 0
351 0 0 0 0
352 0 0 0 0
353 0 0 0 0
354 0 0 0 0
355 0 0 0 0
356 0 0 0 0
357 0 0 0 0
358 0 0 0 0
359 0 0 0 0
360 0 0 0 0
361 0 0 0 0
362 0 0 0 0
363 0 0 0 0
364 0 0 0 0
365 0 0 0 0
366 0 0 0 0
367 0 0 0 0
368 0 0 0 0
369 0 0 0 0
370 0 0 0 0
371 0 0 0 0
372 0 0 0 0
373 0 0 0 0
374 0 0 0 0
375 0 0 0 0
376 0 0 0 0
377 0 0 0 0
378 0 0 0 0
379 0 0 0 0
380 0 0 0 0
381 0 0 0 0
382 0 0 0 0
383 0 0 0 0
384 0 0 0 0
385 0 0 0 0
386 0 0 0 0
387 0 0 0 0
388 0 0 0 0
389 0 0 0 0
390 0 0 0 0
391 0 0 0 0
392 0 0 0 0
393 0 0 0 0
394 0 0 0 0
395 0 0 0 0
396 0 0 0 0
397 0 0 0 0
398 0 0 0 0
399 0 0 0 0
400 0 0 0 0
401 0 0 0 0
402 0 0 0 0
403 0 0 0 0
404 0 0 0 0
405 0 0 0 0
406 0 0 0 0
407 0 0 0 0
408 0 0 0 0
409 0 0 0 0
410 0 0 0 0
411 0 0 0 0
412 0 0 0 0
413 0 0 0 0
414 0 0 0 0
415 0 0 0 0
416 0 0 0 0
417 0 0 0 0
418 0 0 0 0
419 0 0 0 0
420 0 0 0 0
421 0 0 0 0
422 0 0 0 0
423 0 0 0 0
424 0 0 0 0
425 0 0 0 0
426 0 0 0 0
427 0 0 0 0
428 0 0 0 0
429 0 0 0 0
430 0 0 0 0
431 0 0 0 0
432 0 0 0 0
433 0 0 0 0
434 0 0 0 0
435 0 0 0 0
436 0 0 0 0
437 0 0 0 0
438 0 0 0 0
439 0 0 0 0
440 0 0 0 0
441 0 0 0 0
442 0 0 0 0
443 0 0 0 0
444 0 0 0 0
445 0 0 0 0
446 0 0 0 0
447 0 0 0 0
448 0 0 0 0
449 0 0 0 0
450 0 0 0 0
451 0 0 0 0
452 0 0 0 0
453 0 0 0 0
454 0 0 0 0
455 0 0 0 0
456 0 0 0 0
457 0 0 0 0
458 0 0 0 0
459 0 0 0 0
460 0 0 0 0
461 0 0 0 0
462 0 0 0 0
463 0 0 0 0
464 0 0 0 0
465 0 0 0 0
466 0 0 0 0
467 0 0 0 0
468 0 0 0 0
469 0 0 0 0
470 0 0 0 0
471 0 0 0 0
472 0 0 0 0
473 0 0 0 0
474 0 0 0 0
475 0 0 0 0
476 0 0 0 0
477 0 0 0 0
478 0 0 0 0
479 0 0 0 0
480 0 0 0 0
481 0 0 0 0
482 0 0 0 0
483 0 0 0 0
484 0 0 0 0
485 0 0 0 0
486 0 0 0 0
487 0 0 0 0
488 0 0 0 0
489 0 0 0 0
490 0 0 0 0
491 0 0 0 0
492 0 0 0 0
493 0 0 0 0
494 0 0 0 0
495 0 0 0 0
496 0 0 0 0
497 0 0 0 0
498 0 0 0 0
499 0 0 0 0
500 0 0 0 0
501 0 0 0 0
502 0 0 0 0
503 0 0 0 0
504 0 0 0 0
505 0 0 0 0
506 0 0 0 0
507 0 0 0 0
508 0 0 0 0
509 0 0 0 0
510 0 0 0 0
511 0 0 0 0
512 0 0 0 0
513 0 0 0 0
514 0 0 0 0
515 0 0 0 0
516 0 0 0 0
517 0 0 0 0
518 0 0 0 0
519 0 0 0 0
520 0 0 0 0
521 0 0 0 0
522 0 0 0 0
523 0 0 0 0
524 0 0 0 0
525 0 0 0 0
526 0 0 0 0
527 0 0 0 0
528 0 0 0 0
529 0 0 0 0
530 0 0 0 0
531 0 0 0 0
532 0 0 0 0
533 0 0 0 0
534 0 0 0 0
535 0 0 0 0
536 0 0 0 0
537 0 0 0 0
538 0 0 0 0
539 0 0 0 0
540 0 0 0 0
541 0 0 0 0
542 0 0 0 0
543 0 0 0 0
544 0 0 0 0
545 0 0 0 0
546 0 0 0 0
547 0 0 0 0
548 0 0 0 0
549 0 0 0 0
550 0 0 0 0
551 0 0 0 0
552 0 0 0 0
553 0 0 0 0
554 0 0 0 0
555 0 0 0 0
556 0 0 0 0
557 0 0 0 0
558 0 0 0 0
559 0 0 0 0
560 0 0 0 0
561 0 0 0 0
562 0 0 0 0
563 0 0 0 0
564 0 0 0 0
565 0 0 0 0
566 0 0 0 0
567 0 0 0 0
568 0 0 0 0
569 0 0 0 0
570 0 0 0 0
571 0 0 0 0
572 0 0 0 0
573 0 0 0 0
574 0 0 0 0
575 0 0 0 0
576 0 0 0 0
577 0 0 0 0
578 0 0 0 0
579 0 0 0 0
580 0 0 0 0
581 0 0 0 0
582 0 0 0 0
583 0 0 0 0
584 0 0 0 0
585 0 0 0 0
586 0 0 0 0
587 0 0 0 0
588 0 0 0 0
589 0 0 0 0
590 0 0 0 0
591 0 0 0 0
592 0 0 0 0
593 0 0 0 0
594 0 0 0 0
595 0 0 0 0
596 0 0 0 0
597 0 0 0 0
598 0 0 0 0
599 0 0 0 0
600 0 0 0 0
601 0 0 0 0
602 0 0 0 0
603 0 0 0 0
604 0 0 0 0
605 0 0 0 0
606 0 0 0 0
607 0 0 0 0
608 0 0 0 0
609 0 0 0 0
610 0 0 0 0
611 0 0 0 0
612 0 0 0 0
613 0 0 0 0
614 0 0 0 0
615 0 0 0 0
616 0 0 0 0
617 0 0 0 0
618 0 0 0 0
619 0 0 0 0
620 0 0 0 0
621 0 0 0 0
622 0 0 0 0
623 0 0 0 0
624 0 0 0 0
625 0 0 0 0
626 0 0 0 0
627 0 0 0 0
628 0 0 0 0
629 0 0 0 0
630 0 0 0 0
631 0 0 0 0
632 0 0 0 0
633 0 0 0 0
634 0 0 0 0
635 0 0 0 0
636 0 0 0 0
637 0 0 0 0
638 0 0 0 0
639 0 0 0 0
640 0 0 0 0
641 0 0 0 0
642 0 0 0 0
643 0 0 0 0
644 0 0 0 0
645 0 0 0 0
646 0 0 0 0
647 0 0 0 0
648 0 0 0 0
649 0 0 0 0
650 0 0 0 0
651 0 0 0 0
652 0 0 0 0
653 0 0 0 0
654 0 0 0 0
655 0 0 0 0
656 0 0 0 0
657 0 0 0 0
658 0 0 0 0
659 0 0 0 0
660 0 0 0 0
661 0 0 0 0
662 0 0 0 0
663 0 0 0 0
664 0 0 0 0
665 0 0 0 0
666 0 0 0 0
667 0 0 0 0
668 0 0 0 0
669 0 0 0 0
670 0 0 0 0
671 0 0 0 0
672 0 0 0 0
673 0 0 0 0
674 0 0 0 0
675 0 0 0 0
676 0 0 0 0
677 0 0 0 0
678 0 0 0 0
679 0 0 0 0
680 0 0 0 0
681 0 0 0 0
682 0 0 0 0
683 0 0 0 0
684 0 0 0 0
685 0 0 0 0
686 0 0 0 0
687 0 0 0 0
688 0 0 0 0
689 0 0 0 0
690 0 0 0 0
691 0 0 0 0
692 0 0 0 0
693 0 0 0 0
694 0 0 0 0
695 0 0 0 0
696 0 0 0 0
697 0 0 0 0
698 0 0 0 0
699 0 0 0 0
700 0 0 0 0
701 0 0 0 0
702 0 0 0 0
703 0 0 0 0
704 0 0 0 0
705 0 0 0 0
706 0 0 0 0
707 0 0 0 0
708 0 0 0 0
709 0 0 0 0
710 0 0 0 0
711 0 0 0 0
712 0 0 0 0
713 0 0 0 0
714 0 0 0 0
715 0 0 0 0
716 0 0 0 0
717 0 0 0 0
718 0 0 0 0
719 0 0 0 0
720 0 0 0 0
721 0 0 0 0
722 0 0 0 0
723 0 0 0 0
724 0 0 0 0
725 0 0 0 0
726 0 0 0 0
727 0 0 0 0
728 0 0 0 0
729 0 0 0 0
730 0 0 0 0
731 0 0 0 0
732 0 0 0 0
733 0 0 0 0
734 0 0 0 0
735 0 0 0 0
736 0 0 0 0
737 0 0 0 0
738 0 0 0 0
739 0 0 0 0
740 0 0 0 0
741 0 0 0 0
742 0 0 0 0
743 0 0 0 0
744 0 0 0 0
745 0 0 0 0
746 0 0 0 0
747 0 0 0 0
748 0 0 0 0
749 0 0 0 0
750 0 0 0 0
751 0 0 0 0
752 0 0 0 0
753 0 0 0 0
754 0 0 0 0
755 0 0 0 0
756 0 0 0 0
757 0 0 0 0
758 0 0 0 0
759 0 0 0 0
760 0 0 0 0
761 0 0 0 0
762 0 0 0 0
763 0 0 0 0
764 0 0 0 0
765 0 0 0 0
766 0 0 0 0
767 0 0 0 0
768 0 0 0 0
769 0 0 0 0
770 0 0 0 0
771 0 0 0 0
772 0 0 0 0
773 0 0 0 0
774 0 0 0 0
775 0 0 0 0
776 0 0 0 0
777 0 0 0 0
778 0 0 0 0
779 0 0 0 0
780 0 0 0 0
781 0 0 0 0
782 0 0 0 0
783 0 0 0 0
784 0 0 0 0
785 0 0 0 0
786 0 0 0 0
787 0 0 0 0
788 0 0 0 0
789 0 0 0 0
790 0 0 0 0
791 0 0 0 0
792 0 0 0 0
793 0 0 0 0
794 0 0 0 0
795 0 0 0 0
796 0 0 0 0
797 0 0 0 0
798 0 0 0 0
799 0 0 0 0
800 0 0 0 0
801 0 0 0 0
802 0 0 0 0
803 0 0 0 0
804 0 0 0 0
805 0 0 0 0
806 0 0 0 0
807 0 0 0 0
808 0 0 0 0
809 0 0 0 0
810 0 0 0 0
811 0 0 0 0
812 0 0 0 0
813 0 0 0 0
814 0 0 0 0
815 0 0 0 0
816 0 0 0 0
817 0 0 0 0
818 0 0 0 0
819 0 0 0 0
820 0 0 0 0
821 0 0 0 0
822 0 0 0 0
823 0 0 0 0
824 0 0 0 0
825 0 0 0 0
826 0 0 0 0
827 0 0 0 0
828 0 0 0 0
829 0 0 0 0
830 0 0 0 0
831 0 0 0 0
832 0 0 0 0
833 0 0 0 0
834 0 0 0 0
835 0 0 0 0
836 0 0 0 0
837 0 0 0 0
838 0 0 0 0
839 0 0 0 0
840 0 0 0 0
841 0 0 0 0
842 0 0 0 0
843 0 0 0 0
844 0 0 0 0
845 0 0 0 0
846 0 0 0 0
847 0 0 0 0
848 0 0 0 0
849 0 0 0 0
850 0 0 0 0
851 0 0 0 0
852 0 0 0 0
853 0 0 0 0
854 0 0 0 0
855 0 0 0 0
856 0 0 0 0
857 0 0 0 0
858 0 0 0 0
859 0 0 0 0
860 0 0 0 0
861 0 0 0 0
862 0 0 0 0
863 0 0 0 0
864 0 0 0 0
865 0 0 0 0
866 0 0 0 0
867 0 0 0 0
868 0 0 0 0
869 0 0 0 0
870 0 0 0 0
871 0 0 0 0
872 0 0 0 0
873 0 0 0 0
874 0 0 0 0
875 0 0 0 0
876 0 0 0 0
877 0 0 0 0
878 0 0 0 0
879 0 0 0 0
880 0 0 0 0
881 0 0 0 0
882 0 0 0 0
883 0 0 0 0
884 0 0 0 0
885 0 0 0 0
886 0 0 0 0
887 0 0 0 0
888 0 0 0 0
889 0 0 0 0
890 0 0 0 0
891 0 0 0 0
892 0 0 0 0
893 0 0 0 0
894 0 0 0 0
895 0 0 0 0
896 0 0 0 0
897 0 0 0 0
898 0 0 0 0
899 0 0 0 0
900 0 0 0 0
901 0 0 0 0
902 0 0 0 0
903 0 0 0 0
904 0 0 0 0
905 0 0 0 0
906 0 0 0 0
907 0 0 0 0
908 0 0 0 0
909 0 0 0 0
910 0 0 0 0
911 0 0 0 0
912 0 0 0 0
913 0 0 0 0
914 0 0 0 0
915 0 0 0 0
916 0 0 0 0
917 0 0 0 0
918 0 0 0 0
919 0 0 0 0
920 0 0 0 0
921 0 0 0 0
922 0 0 0 0
923 0 0 0 0
924 0 0 0 0
925 0 0 0 0
926 0 0 0 0
927 0 0 0 0
928 0 0 0 0
929 0 0 0 0
930 0 0 0 0
931 0 0 0 0
932 0 0 0 0
933 0 0 0 0
934 0 0 0 0
935 0 0 0 0
936 0 0 0 0
937 0 0 0 0
938 0 0 0 0
939 0 0 0 0
940 0 0 0 0
941 0 0 0 0
942 0 0 0 0
943 0 0 0 0
944 0 0 0 0
945 0 0 0 0
946 0 0 0 0
947 0 0 0 0
948 0 0 0 0
949 0 0 0 0
950 0 0 0 0
951 0 0 0 0
952 0 0 0 0
953 0 0 0 0
954 0 0 0 0
955 0 0 0 0
956 0 0 0 0
957 0 0 0 0
958 0 0 0 0
959 0 0 0 0
960 0 0 0 0
961 0 0 0 0
962 0 0 0 0
963 0 0 0 0
964 0 0 0 0
965 0 0 0 0
966 0 0 0 0
967 0 0 0 0
968 0 0 0 0
969 0 0 0 0
970 0 0 0 0
971 0 0 0 0
972 0 0 0 0
973 0 0 0 0
974 0 0 0 0
975 0 0 0 0
976 0 0 0 0
977 0 0 0 0
978 0 0 0 0
979 0 0 0 0
980 0 0 0 0
981 0 0 0 0
982 0 0 0 0
983 0 0 0 0
984 0 0 0 0
985 0 0 0 0
986 0 0 0 0
987 0 0 0 0
988 0 0 0 0
989 0 0 0 0
990 0 0 0 0
991 0 0 0 0
992 0 0 0 0
993 0 0 0 0
994 0 0 0 0
995 0 0 0 0
996 0 0 0 0
997 0 0 0 0
998 0 0 0 0
999 0 0 0 0
1000 0 0 0 0
1001 0 0 0 0
1002 0 0 0 0
1003 0 0 0 0
1004 0 0 0 0
1005 0 0 0 0
1006 0 0 0 0
1007 0 0 0 0
1008 0 0 0 0
1009 0 0 0 0
1010 0 0 0 0
1011 0 0 0 0
1012 0 0 0 0
1013 0 0 0 0
1014 0 0 0 0
1015 0 0 0 0
1016 0 0 0 0
1017 0 0 0 0
1018 0 0 0 0
1019 0 0 0 0
1020 0 0 0 0
1021 0 0 0 0
1022 0 0 0 0
1023 0 0 0 0
1024 0 0 0 0
1025 0 0 0 0
1026 0 0 0 0
1027 0 0 0 0
1028 0 0 0 0
1029 0 0 0 0
1030 0 0 0 0
1031 0 0 0 0
1032 0 0 0 0
1033 0 0 0 0
1034 0 0 0 0
1035 0 0 0 0
1036 0 0 0 0
1037 0 0 0 0
1038 0 0 0 0
1039 0 0 0 0
1040 0 0 0 0
1041 0 0 0 0
1042 0 0 0 0
1043 0 0 0 0
1044 0 0 0 0
1045 0 0 0 0
1046 0 0 0 0
1047 0 0 0 0
1048 0 0 0 0
1049 0 0 0 0
1050 0 0 0 0
1051 0 0 0 0
1052 0 0 0 0
1053 0 0 0 0
1054 0 0 0 0
1055 0 0 0 0
1056 0 0 0 0
1057 0 0 0 0
1058 0 0 0 0
1059 0 0 0 0
1060 0 0 0 0
1061 0 0 0 0
1062 0 0 0 0
1063 0 0 0 0
1064 0 0 0 0
1065 0 0 0 0
1066 0 0 0 0
1067 0 0 0 0
1068 0 0 0 0
1069 0 0 0 0
1070 0 0 0 0
1071 0 0 0 0
1072 0 0 0 0
1073 0 0 0 0
1074 0 0 0 0
1075 0 0 0 0
1076 0 0 0 0
1077 0 0 0 0
1078 0 0 0 0
1079 0 0 0 0
1080 0 0 0 0
1081 0 0 0 0
1082 0 0 0 0
1083 0 0 0 0
1084 0 0 0 0
1085 0 0 0 0
1086 0 0 0 0
1087 0 0 0 0
1088 0 0 0 0
1089 0 0 0 0
1090 0 0 0 0
1091 0 0 0 0
1092 0 0 0 0
1093 0 0 0 0
1094 0 0 0 0
1095 0 0 0 0
1096 0 0 0 0
1097 0 0 0 0
1098 0 0 0 0
1099 0 0 0 0
1100 0 0 0 0
1101 0 0 0 0
1102 0 0 0 0
1103 0 0 0 0
1104 0 0 0 0
1105 0 0 0 0
1106 0 0 0 0
1107 0 0 0 0
1108 0 0 0 0
1109 0 0 0 0
1110 0 0 0 0
1111 0 0 0 0
1112 0 0 0 0
1113 0 0 0 0
1114 0 0 0 0
1115 0 0 0 0
1116 0 0 0 0
1117 0 0 0 0
1118 0 0 0 0
1119 0 0 0 0
1120 0 0 0 0
1121 0 0 0 0
1122 0 0 0 0
1123 0 0 0 0
1124 0 0 0 0
1125 0 0 0 0
1126 0 0 0 0
1127 0 0 0 0
1128 0 0 0 0
1129 0 0 0 0
1130 0 0 0 0
1131 0 0 0 0
1132 0 0 0 0
1133 0 0 0 0
1134 0 0 0 0
1135 0 0 0 0
1136 0 0 0 0
1137 0 0 0 0
1138 0 0 0 0
1139 0 0 0 0
1140 0 0 0 0
1141 0 0 0 0
1142 0 0 0 0
1143 0 0 0 0
1144 0 0 0 0
1145 0 0 0 0
1146 0 0 0 0
1147 0 0 0 0
1148 0 0 0 0
1149 0 0 0 0
1150 0 0 0 0
1151 0 0 0 0
1152 0 0 0 0
1153 0 0 0 0
1154 0 0 0 0
1155 0 0 0 0
1156 0 0 0 0
1157 0 0 0 0
1158 0 0 0 0
1159 0 0 0 0
1160 0 0 0 0
1161 0 0 0 0
1162 0 0 0 0
1163 0 0 0 0
1164 0 0 0 0
1165 0 0 0 0
1166 0 0 0 0
1167 0 0 0 0
1168 0 0 0 0
1169 0 0 0 0
1170 0 0 0 0
1171 0 0 0 0
1172 0 0 0 0
1173 0 0 0 0
1174 0 0 0 0
1175 0 0 0 0
1176 0 0 0 0
1177 0 0 0 0
1178 0 0 0 0
1179 0 0 0 0
1180 0 0 0 0
1181 0 0 0 0
1182 0 0 0 0
1183 0 0 0 0
1184 0 0 0 0
1185 0 0 0 0
1186 0 0 0 0
1187 0 0 0 0
1188 0 0 0 0
1189 0 0 0 0
1190 0 0 0 0
1191 0 0 0 0
1192 0 0 0 0
1193 0 0 0 0
1194 0 0 0 0
1195 0 0 0 0
1196 0 0 0 0
1197 0 0 0 0
1198 0 0 0 0
1199 0 0 0 0
1200 0 0 0 0
1201 0 0 0 0
1202 0 0 0 0
1203 0 0 0 0
1204 0 0 0 0
1205 0 0 0 0
1206 0 0 0 0
1207 0 0 0 0
1208 0 0 0 0
1209 0 0 0 0
1210 0 0 0 0
1211 0 0 0 0
1212 0 0 0 0
1213 0 0 0 0
1214 0 0 0 0
1215 0 0 0 0
1216 0 0 0 0
1217 0 0 0 0
1218 0 0 0 0
1219 0 0 0 0
1220 0 0 0 0
1221 0 0 0 0
1222 0 0 0 0
1223 0 0 0 0
1224 0 0 0 0
1225 0 0 0 0
1226 0 0 0 0
1227 0 0 0 0
1228 0 0 0 0
1229 0 0 0 0
1230 0 0 0 0
1231 0 0 0 0
1232 0 0 0 0
1233 0 0 0 0
1234 0 0 0 0
1235 0 0 0 0
1236 0 0 0 0
1237 0 0 0 0
1238 0 0 0 0
1239 0 0 0 0
1240 0 0 0 0
1241 0 0 0 0
1242 0 0 0 0
1243 0 0 0 0
1244 0 0 0 0
1245 0 0 0 0
1246 0 0 0 0
1247 0 0 0 0
1248 0 0 0 0
1249 0 0 0 0
1250 0 0 0 0
1251 0 0 0 0
1252 0 0 0 0
1253 0 0 0 0
1254 0 0 0 0
1255 0 0 0 0
1256 0 0 0 0
1257 0 0 0 0
1258 0 0 0 0
1259 0 0 0 0
1260 0 0 0 0
1261 0 0 0 0
1262 0 0 0 0
1263 0 0 0 0
1264 0 0 0 0
1265 0 0 0 0
1266 0 0 0 0
1267 0 0 0 0
1268 0 0 0 0
1269 0 0 0 0
1270 0 0 0 0
1271 0 0 0 0
1272 0 0 0 0
1273 0 0 0 0
1274 0 0 0 0
1275 0 0 0 0
1276 0 0 0 0
1277 0 0 0 0
1278 0 0 0 0
1279 0 0 0 0
1280 0 0 0 0
1281 0 0 0 0
1282 0 0 0 0
1283 0 0 0 0
1284 0 0 0 0
1285 0 0 0 0
1286 0 0 0 0
1287 0 0 0 0
1288 0 0 0 0
1289 0 0 0 0
1290 0 0 0 0
1291 0 0 0 0
1292 0 0 0 0
1293 0 0 0 0
1294 0 0 0 0
1295 0 0 0 0
1296 0 0 0 0
1297 0 0 0 0
1298 0 0 0 0
1299 0 0 0 0
1300 0 0 0 0
1301 0 0 0 0
1302 0 0 0 0
1303 0 0 0 0
1304 0 0 0 0
1305 0 0 0 0
1306 0 0 0 0
1307 0 0 0 0
1308 0 0 0 0
1309 0 0 0 0
1310 0 0 0 0
1311 0 0 0 0
1312 0 0 0 0
1313 0 0 0 0
1314 0 0 0 0
1315 0 0 0 0
1316 0 0 0 0
1317 0 0 0 0
1318 0 0 0 0
1319 0 0 0 0
1320 0 0 0 0
1321 0 0 0 0
1322 0 0 0 0
1323 0 0 0 0
1324 0 0 0 0
1325 0 0 0 0
1326 0 0 0 0
1327 0 0 0 0
1328 0 0 0 0
1329 0 0 0 0
1330 0 0 0 0
1331 0 0 0 0
1332 0 0 0 0
1333 0 0 0 0
1334 0 0 0 0
1335 0 0 0 0
1336 0 0 0 0
1337 0 0 0 0
1338 0 0 0 0
1339 0 0 0 0
1340 0 0 0 0
1341 0 0 0 0
1342 0 0 0 0
1343 0 0 0 0
1344 0 0 0 0
1345 0 0 0 0
1346 0 0 0 0
1347 0 0 0 0
1348 0 0 0 0
1349 0 0 0 0
1350 0 0 0 0
1351 0 0 0 0
1352 0 0 0 0
1353 0 0 0 0
1354 0 0 0 0
1355 0 0 0 0
1356 0 0 0 0
1357 0 0 0 0
1358 0 0 0 0
1359 0 0 0 0
1360 0 0 0 0
1361 0 0 0 0
1362 0 0 0 0
1363 0 0 0 0
1364 0 0 0 0
1365 0 0 0 0
1366 0 0 0 0
1367 0 0 0 0
1368 0 0 0 0
1369 0 0 0 0
1370 0 0 0 0
1371 0 0 0 0
1372 0 0 0 0
1373 0 0 0 0
1374 0 0 0 0
1375 0 0 0 0
1376 0 0 0 0
1377 0 0 0 0
1378 0 0 0 0
1379 0 0 0 0
1380 0 0 0 0
1381 0 0 0 0
1382 0 0 0 0
1383 0 0 0 0
1384 0 0 0 0
1385 0 0 0 0
1386 0 0 0 0
1387 0 0 0 0
1388 0 0 0 0
1389 0 0 0 0
1390 0 0 0 0
1391 0 0 0 0
1392 0 0 0 0
1393 0 0 0 0
1394 0 0 0 0
1395 0 0 0 0
1396 0 0 0 0
1397 0 0 0 0
1398 0 0 0 0
1399 0 0 0 0
1400 0 0 0 0
1401 0 0 0 0
1402 0 0 0 0
1403 0 0 0 0
1404 0 0 0 0
1405 0 0 0 0
1406 0 0 0 0
1407 0 0 0 0
1408 0 0 0 0
1409 0 0 0 0
1410 0 0 0 0
1411 0 0 0 0
1412 0 0 0 0
1413 0 0 0 0
1414 0 0 0 0
1415 0 0 0 0
1416 0 0 0 0
1417 0 0 0 0
1418 0 0 0 0
1419 0 0 0 0
1420 0 0 0 0
1421 0 0 0 0
1422 0 0 0 0
1423 0 0 0 0
1424 0 0 0 0
1425 0 0 0 0
1426 0 0 0 0
1427 0 0 0 0
1428 0 0 0 0
1429 0 0 0 0
1430 0 0 0 0
1431 0 0 0 0
1432 0 0 0 0
1433 0 0 0 0
1434 0 0 0 0
1435 0 0 0 0
1436 0 0 0 0
1437 0 0 0 0
1438 0 0 0 0
1439 0 0 0 0
1440 0 0 0 0
1441 0 0 0 0
1442 0 0 0 0
1443 0 0 0 0
1444 0 0 0 0
1445 0 0 0 0
1446 0 0 0 0
1447 0 0 0 0
1448 0 0 0 0
1449 0 0 0 0
1450 0 0 0 0
1451 0 0 0 0
1452 0 0 0 0
1453 0 0 0 0
1454 0 0 0 0
1455 0 0 0 0
1456 0 0 0 0
1457 0 0 0 0
1458 0 0 0 0
1459 0 0 0 0
1460 0 0 0 0
1461 0 0 0 0
1462 0 0 0 0
1463 0 0 0 0
1464 0 0 0 0
1465 0 0 0 0
1466 0 0 0 0
1467 0 0 0 0
1468 0 0 0 0
1469 0 0 0 0
1470 0 0 0 0
1471 0 0 0 0
1472 0 0 0 0
1473 0 0 0 0
1474 0 0 0 0
1475 0 0 0 0
1476 0 0 0 0
1477 0 0 0 0
1478 0 0 0 0
1479 0 0 0 0
1480 0 0 0 0
1481 0 0 0 0
1482 0 0 0 0
1483 0 0 0 0
1484 0 0 0 0
1485 0 0 0 0
1486 0 0 0 0
1487 0 0 0 0
1488 0 0 0 0
1489 0 0 0 0
1490 0 0 0 0
1491 0 0 0 0
1492 0 0 0 0
1493 0 0 0 0
1494 0 0 0 0
1495 0 0 0 0
1496 0 0 0 0
1497 0 0 0 0
1498 0 0 0 0
1499 0 0 0 0
1500 0 0 0 0
1501 0 0 0 0
1502 0 0 0 0
1503 0 0 0 0
1504 0 0 0 0
1505 0 0 0 0
1506 0 0 0 0
1507 0 0 0 0
1508 0 0 0 0
1509 0 0 0 0
1510 0 0 0 0
1511 0 0 0 0
1512 0 0 0 0
1513 0 0 0 0
1514 0 0 0 0
1515 0 0 0 0
1516 0 0 0 0
1517 0 0 0 0
1518 0 0 0 0
1519 0 0 0 0
1520 0 0 0 0
1521 0 0 0 0
1522 0 0 0 0
1523 0 0 0 0
1524 0 0 0 0
1525 0 0 0 0
1526 0 0 0 0
1527 0 0 0 0
1528 0 0 0 0
1529 0 0 0 0
1530 0 0 0 0
1531 0 0 0 0
1532 0 0 0 0
1533 0 0 0 0
1534 0 0 0 0
1535 0 0 0 0
1536 0 0 0 0
1537 0 0 0 0
1538 0 0 0 0
1539 0 0 0 0
1540 0 0 0 0
1541 0 0 0 0
1542 0 0 0 0
1543 0 0 0 0
1544 0 0 0 0
1545 0 0 0 0
1546 0 0 0 0
1547 0 0 0 0
1548 0 0 0 0
1549 0 0 0 0
1550 0 0 0 0
1551 0 0 0 0
1552 0 0 0 0
1553 0 0 0 0
1554 0 0 0 0
1555 0 0 0 0
1556 0 0 0 0
1557 0 0 0 0
1558 0 0 0 0
1559 0 0 0 0
1560 0 0 0 0
1561 0 0 0 0
1562 0 0 0 0
1563 0 0 0 0
1564 0 0 0 0
1565 0 0 0 0
1566 0 0 0 0
1567 0 0 0 0
1568 0 0 0 0
1569 0 0 0 0
1570 0 0 0 0
1571 0 0 0 0
1572 0 0 0 0
1573 0 0 0 0
1574 0 0 0 0
1575 0 0 0 0
1576 0 0 0 0
1577 0 0 0 0
1578 0 0 0 0
1579 0 0 0 0
1580 0 0 0 0
1581 0 0 0 0
1582 0 0 0 0
1583 0 0 0 0
1584 0 0 0 0
1585 0 0 0 0
1586 0 0 0 0
1587 0 0 0 0
1588 0 0 0 0
1589 0 0 0 0
1590 0 0 0 0
1591 0 0 0 0
1592 0 0 0 0
1593 0 0 0 0
1594 0 0 0 0
1595 0 0 0 0
1596 0 0 0 0
1597 0 0 0 0
1598 0 0 0 0
1599 0 0 0 0
1600 0 0 0 0
1601 0 0 0 0
1602 0 0 0 0
1603 0 0 0 0
1604 0 0 0 0
1605 0 0 0 0
1606 0 0 0 0
1607 0 0 0 0
1608 0 0 0 0
1609 0 0 0 0
1610 0 0 0 0
1611 0 0 0 0
1612 0 0 0 0
1613 0 0 0 0
1614 0 0 0 0
1615 0 0 0 0
1616 0 0 0 0
1617 0 0 0 0
1618 0 0 0 0
1619 0 0 0 0
1620 0 0 0 0
1621 0 0 0 0
1622 0 0 0 0
1623 0 0 0 0
1624 0 0 0 0
1625 0 0 0 0
1626 0 0 0 0
1627 0 0 0 0
1628 0 0 0 0
1629 0 0 0 0
1630 0 0 0 0
1631 0 0 0 0
1632 0 0 0 0
1633 0 0 0 0
1634 0 0 0 0
1635 0 0 0 0
1636 0 0 0 0
1637 0 0 0 0
1638 0 0 0 0
1639 0 0 0 0
1640 0 0 0 0
1641 0 0 0 0
1642 0 0 0 0
1643 0 0 0 0
1644 0 0 0 0
1645 0 0 0 0
1646 0 0 0 0
1647 0 0 0 0
1648 0 0 0 0
1649 0 0 0 0
1650 0 0 0 0
1651 0 0 0 0
1652 0 0 0 0
1653 0 0 0 0
1654 0 0 0 0
1655 0 0 0 0
1656 0 0 0 0
1657 0 0 0 0
1658 0 0 0 0
1659 0 0 0 0
1660 0 0 0 0
1661 0 0 0 0
1662 0 0 0 0
1663 0 0 0 0
1664 0 0 0 0
1665 0 0 0 0
1666 0 0 0 0
1667 0 0 0 0
1668 0 0 0 0
1669 0 0 0 0
1670 0 0 0 0
1671 0 0 0 0
1672 0 0 0 0
1673 0 0 0 0
1674 0 0 0 0
1675 0 0 0 0
1676 0 0 0 0
1677 0 0 0 0
1678 0 0 0 0
1679 0 0 0 0
1680 0 0 0 0
1681 0 0 0 0
1682 0 0 0 0
1683 0 0 0 0
1684 0 0 0 0
1685 0 0 0 0
1686 0 0 0 0
1687 0 0 0 0
1688 0 0 0 0
1689 0 0 0 0
1690 0 0 0 0
1691 0 0 0 0
1692 0 0 0 0
1693 0 0 0 0
1694 0 0 0 0
1695 0 0 0 0
1696 0 0 0 0
1697 0 0 0 0
1698 0 0 0 0
1699 0 0 0 0
1700 0 0 0 0
1701 0 0 0 0
1702 0 0 0 0
1703 0 0 0 0
1704 0 0 0 0
1705 0 0 0 0
1706 0 0 0 0
1707 0 0 0 0
1708 0 0 0 0
1709 0 0 0 0
1710 0 0 0 0
1711 0 0 0 0
1712 0 0 0 0
1713 0 0 0 0
1714 0 0 0 0
1715 0 0 0 0
1716 0 0 0 0
1717 0 0 0 0
1718 0 0 0 0
1719 0 0 0 0
1720 0 0 0 0
1721 0 0 0 0
1722 0 0 0 0
1723 0 0 0 0
1724 0 0 0 0
1725 0 0 0 0
1726 0 0 0 0
1727 0 0 0 0
1728 0 0 0 0
1729 0 0 0 0
1730 0 0 0 0
1731 0 0 0 0
1732 0 0 0 0
1733 0 0 0 0
1734 0 0 0 0
1735 0 0 0 0
1736 0 0 0 0
1737 0 0 0 0
1738 0 0 0 0
1739 0 0 0 0
1740 0 0 0 0
1741 0 0 0 0
1742 0 0 0 0
1743 0 0 0 0
1744 0 0 0 0
1745 0 0 0 0
1746 0 0 0 0
1747 0 0 0 0
1748 0 0 0 0
1749 0 0 0 0
1750 0 0 0 0
1751 0 0 0 0
1752 0.00458585858585859 0.00458585858585859 0.00458585858585859 0.00458585858585859
1753 0.00917171717171717 0.00917171717171717 0.00917171717171717 0.00917171717171717
1754 0.0137575757575758 0.0137575757575758 0.0137575757575758 0.0137575757575758
1755 0.0183434343434343 0.0183434343434343 0.0183434343434343 0.0183434343434343
1756 0.0229292929292929 0.0229292929292929 0.0229292929292929 0.0229292929292929
1757 0.0275151515151515 0.0275151515151515 0.0275151515151515 0.0275151515151515
1758 0.0321010101010101 0.0321010101010101 0.0321010101010101 0.0321010101010101
1759 0.0366868686868687 0.0366868686868687 0.0366868686868687 0.0366868686868687
1760 0.0412727272727273 0.0412727272727273 0.0412727272727273 0.0412727272727273
1761 0.0458585858585859 0.0458585858585859 0.0458585858585859 0.0458585858585859
1762 0.0504444444444444 0.0504444444444444 0.0504444444444444 0.0504444444444444
1763 0.055030303030303 0.055030303030303 0.055030303030303 0.055030303030303
1764 0.0596161616161616 0.0596161616161616 0.0596161616161616 0.0596161616161616
1765 0.0642020202020202 0.0642020202020202 0.0642020202020202 0.0642020202020202
1766 0.0687878787878788 0.0687878787878788 0.0687878787878788 0.0687878787878788
1767 0.0733737373737374 0.0733737373737374 0.0733737373737374 0.0733737373737374
1768 0.077959595959596 0.077959595959596 0.077959595959596 0.077959595959596
1769 0.0825454545454545 0.0825454545454545 0.0825454545454545 0.0825454545454545
1770 0.0871313131313131 0.0871313131313131 0.0871313131313131 0.0871313131313131
1771 0.0917171717171717 0.0917171717171717 0.0917171717171717 0.0917171717171717
1772 0.0963030303030303 0.0963030303030303 0.0963030303030303 0.0963030303030303
1773 0.100888888888889 0.100888888888889 0.100888888888889 0.100888888888889
1774 0.105474747474747 0.105474747474747 0.105474747474747 0.105474747474747
1775 0.110060606060606 0.110060606060606 0.110060606060606 0.110060606060606
1776 0.114646464646465 0.114646464646465 0.114646464646465 0.114646464646465
1777 0.119232323232323 0.119232323232323 0.119232323232323 0.119232323232323
1778 0.123818181818182 0.123818181818182 0.123818181818182 0.123818181818182
1779 0.12840404040404 0.12840404040404 0.12840404040404 0.12840404040404
1780 0.132989898989899 0.132989898989899 0.132989898989899 0.132989898989899
1781 0.137575757575758 0.137575757575758 0.137575757575758 0.137575757575758
1782 0.142161616161616 0.142161616161616 0.142161616161616 0.142161616161616
1783 0.146747474747475 0.146747474747475 0.146747474747475 0.146747474747475
1784 0.151333333333333 0.151333333333333 0.151333333333333 0.151333333333333
1785 0.155919191919192 0.155919191919192 0.155919191919192 0.155919191919192
1786 0.160505050505051 0.160505050505051 0.160505050505051 0.160505050505051
1787 0.165090909090909 0.165090909090909 0.165090909090909 0.165090909090909
1788 0.169676767676768 0.169676767676768 0.169676767676768 0.169676767676768
1789 0.174262626262626 0.174262626262626 0.174262626262626 0.174262626262626
1790 0.178848484848485 0.178848484848485 0.178848484848485 0.178848484848485
1791 0.183434343434343 0.183434343434343 0.183434343434343 0.183434343434343
1792 0.188020202020202 0.188020202020202 0.188020202020202 0.188020202020202
1793 0.192606060606061 0.192606060606061 0.192606060606061 0.192606060606061
1794 0.197191919191919 0.197191919191919 0.197191919191919 0.197191919191919
1795 0.201777777777778 0.201777777777778 0.201777777777778 0.201777777777778
1796 0.206363636363636 0.206363636363636 0.206363636363636 0.206363636363636
1797 0.210949494949495 0.210949494949495 0.210949494949495 0.210949494949495
1798 0.215535353535354 0.215535353535354 0.215535353535354 0.215535353535354
1799 0.220121212121212 0.220121212121212 0.220121212121212 0.220121212121212
1800 0.224707070707071 0.224707070707071 0.224707070707071 0.224707070707071
1801 0.229292929292929 0.229292929292929 0.229292929292929 0.229292929292929
1802 0.233878787878788 0.233878787878788 0.233878787878788 0.233878787878788
1803 0.238464646464646 0.238464646464646 0.238464646464646 0.238464646464646
1804 0.243050505050505 0.243050505050505 0.243050505050505 0.243050505050505
1805 0.247636363636364 0.247636363636364 0.247636363636364 0.247636363636364
1806 0.252222222222222 0.252222222222222 0.252222222222222 0.252222222222222
1807 0.256808080808081 0.256808080808081 0.256808080808081 0.256808080808081
1808 0.261393939393939 0.261393939393939 0.261393939393939 0.261393939393939
1809 0.265979797979798 0.265979797979798 0.265979797979798 0.265979797979798
1810 0.270565656565657 0.270565656565657 0.270565656565657 0.270565656565657
1811 0.275151515151515 0.275151515151515 0.275151515151515 0.275151515151515
1812 0.279737373737374 0.279737373737374 0.279737373737374 0.279737373737374
1813 0.284323232323232 0.284323232323232 0.284323232323232 0.284323232323232
1814 0.288909090909091 0.288909090909091 0.288909090909091 0.288909090909091
1815 0.29349494949495 0.29349494949495 0.29349494949495 0.29349494949495
1816 0.298080808080808 0.298080808080808 0.298080808080808 0.298080808080808
1817 0.302666666666667 0.302666666666667 0.302666666666667 0.302666666666667
1818 0.307252525252525 0.307252525252525 0.307252525252525 0.307252525252525
1819 0.311838383838384 0.311838383838384 0.311838383838384 0.311838383838384
1820 0.316424242424242 0.316424242424242 0.316424242424242 0.316424242424242
1821 0.321010101010101 0.321010101010101 0.321010101010101 0.321010101010101
1822 0.32559595959596 0.32559595959596 0.32559595959596 0.32559595959596
1823 0.330181818181818 0.330181818181818 0.330181818181818 0.330181818181818
1824 0.334767676767677 0.334767676767677 0.334767676767677 0.334767676767677
1825 0.339353535353535 0.339353535353535 0.339353535353535 0.339353535353535
1826 0.343939393939394 0.343939393939394 0.343939393939394 0.343939393939394
1827 0.348525252525253 0.348525252525253 0.348525252525253 0.348525252525253
1828 0.353111111111111 0.353111111111111 0.353111111111111 0.353111111111111
1829 0.35769696969697 0.35769696969697 0.35769696969697 0.35769696969697
1830 0.362282828282828 0.362282828282828 0.362282828282828 0.362282828282828
1831 0.366868686868687 0.366868686868687 0.366868686868687 0.366868686868687
1832 0.371454545454545 0.371454545454545 0.371454545454545 0.371454545454545
1833 0.376040404040404 0.376040404040404 0.376040404040404 0.376040404040404
1834 0.380626262626263 0.380626262626263 0.380626262626263 0.380626262626263
1835 0.385212121212121 0.385212121212121 0.385212121212121 0.385212121212121
1836 0.38979797979798 0.38979797979798 0.38979797979798 0.38979797979798
1837 0.394383838383838 0.394383838383838 0.394383838383838 0.394383838383838
1838 0.398969696969697 0.398969696969697 0.398969696969697 0.398969696969697
1839 0.403555555555556 0.403555555555556 0.403555555555556 0.403555555555556
1840 0.408141414141414 0.408141414141414 0.408141414141414 0.408141414141414
1841 0.412727272727273 0.412727272727273 0.412727272727273 0.412727272727273
1842 0.417313131313131 0.417313131313131 0.417313131313131 0.417313131313131
1843 0.42189898989899 0.42189898989899 0.42189898989899 0.42189898989899
1844 0.426484848484849 0.426484848484849 0.426484848484849 0.426484848484849
1845 0.431070707070707 0.431070707070707 0.431070707070707 0.431070707070707
1846 0.435656565656566 0.435656565656566 0.435656565656566 0.435656565656566
1847 0.440242424242424 0.440242424242424 0.440242424242424 0.440242424242424
1848 0.444828282828283 0.444828282828283 0.444828282828283 0.444828282828283
1849 0.449414141414141 0.449414141414141 0.449414141414141 0.449414141414141
1850 0.454 0.454 0.454 0.454
1851 0.4605 0.4605 0.4605 0.4605
1852 0.467 0.467 0.467 0.467
1853 0.4735 0.4735 0.4735 0.4735
1854 0.48 0.48 0.48 0.48
1855 0.4865 0.4865 0.4865 0.4865
1856 0.493 0.493 0.493 0.493
1857 0.4995 0.4995 0.4995 0.4995
1858 0.506 0.506 0.506 0.506
1859 0.5125 0.5125 0.5125 0.5125
1860 0.519 0.519 0.519 0.519
1861 0.514 0.514 0.514 0.514
1862 0.509 0.509 0.509 0.509
1863 0.504 0.504 0.504 0.504
1864 0.499 0.499 0.499 0.499
1865 0.494 0.494 0.494 0.494
1866 0.489 0.489 0.489 0.489
1867 0.484 0.484 0.484 0.484
1868 0.479 0.479 0.479 0.479
1869 0.474 0.474 0.474 0.474
1870 0.469 0.469 0.469 0.469
1871 0.4842 0.4842 0.4842 0.4842
1872 0.4994 0.4994 0.4994 0.4994
1873 0.5146 0.5146 0.5146 0.5146
1874 0.5298 0.5298 0.5298 0.5298
1875 0.545 0.545 0.545 0.545
1876 0.5602 0.5602 0.5602 0.5602
1877 0.5754 0.5754 0.5754 0.5754
1878 0.5906 0.5906 0.5906 0.5906
1879 0.6058 0.6058 0.6058 0.6058
1880 0.621 0.621 0.621 0.621
1881 0.6201 0.6201 0.6201 0.6201
1882 0.6192 0.6192 0.6192 0.6192
1883 0.6183 0.6183 0.6183 0.6183
1884 0.6174 0.6174 0.6174 0.6174
1885 0.6165 0.6165 0.6165 0.6165
1886 0.6156 0.6156 0.6156 0.6156
1887 0.6147 0.6147 0.6147 0.6147
1888 0.6138 0.6138 0.6138 0.6138
1889 0.6129 0.6129 0.6129 0.6129
1890 0.612 0.612 0.612 0.612
1891 0.6161 0.6161 0.6161 0.6161
1892 0.6202 0.6202 0.6202 0.6202
1893 0.6243 0.6243 0.6243 0.6243
1894 0.6284 0.6284 0.6284 0.6284
1895 0.6325 0.6325 0.6325 0.6325
1896 0.6366 0.6366 0.6366 0.6366
1897 0.6407 0.6407 0.6407 0.6407
1898 0.6448 0.6448 0.6448 0.6448
1899 0.6489 0.6489 0.6489 0.6489
1900 0.653 0.653 0.653 0.653
1901 0.6699 0.6699 0.6699 0.6699
1902 0.6868 0.6868 0.6868 0.6868
1903 0.7037 0.7037 0.7037 0.7037
1904 0.7206 0.7206 0.7206 0.7206
1905 0.7375 0.7375 0.7375 0.7375
1906 0.7544 0.7544 0.7544 0.7544
1907 0.7713 0.7713 0.7713 0.7713
1908 0.7882 0.7882 0.7882 0.7882
1909 0.8051 0.8051 0.8051 0.8051
1910 0.822 0.822 0.822 0.822
1911 0.8119 0.8119 0.8119 0.8119
1912 0.8018 0.8018 0.8018 0.8018
1913 0.7917 0.7917 0.7917 0.7917
1914 0.7816 0.7816 0.7816 0.7816
1915 0.7715 0.7715 0.7715 0.7715
1916 0.7614 0.7614 0.7614 0.7614
1917 0.7513 0.7513 0.7513 0.7513
1918 0.7412 0.7412 0.7412 0.7412
1919 0.7311 0.7311 0.7311 0.7311
1920 0.721 0.721 0.721 0.721
1921 0.7385 0.7385 0.7385 0.7385
1922 0.756 0.756 0.756 0.756
1923 0.7735 0.7735 0.7735 0.7735
1924 0.791 0.791 0.791 0.791
1925 0.8085 0.8085 0.8085 0.8085
1926 0.826 0.826 0.826 0.826
1927 0.8435 0.8435 0.8435 0.8435
1928 0.861 0.861 0.861 0.861
1929 0.8785 0.8785 0.8785 0.8785
1930 0.896 0.896 0.896 0.896
1931 0.8831 0.8831 0.8831 0.8831
1932 0.8702 0.8702 0.8702 0.8702
1933 0.8573 0.8573 0.8573 0.8573
1934 0.8444 0.8444 0.8444 0.8444
1935 0.8315 0.8315 0.8315 0.8315
1936 0.8186 0.8186 0.8186 0.8186
1937 0.8057 0.8057 0.8057 0.8057
1938 0.7928 0.7928 0.7928 0.7928
1939 0.7799 0.7799 0.7799 0.7799
1940 0.767 0.767 0.767 0.767
1941 0.7795 0.7795 0.7795 0.7795
1942 0.792 0.792 0.792 0.792
1943 0.8045 0.8045 0.8045 0.8045
1944 0.817 0.817 0.817 0.817
1945 0.8295 0.8295 0.8295 0.8295
1946 0.842 0.842 0.842 0.842
1947 0.8545 0.8545 0.8545 0.8545
1948 0.867 0.867 0.867 0.867
1949 0.8795 0.8795 0.8795 0.8795
1950 0.892 0.892 0.892 0.892
1951 0.922 0.922 0.922 0.922
1952 0.952 0.952 0.952 0.952
1953 0.982 0.982 0.982 0.982
1954 1.012 1.012 1.012 1.012
1955 1.042 1.042 1.042 1.042
1956 1.072 1.072 1.072 1.072
1957 1.102 1.102 1.102 1.102
1958 1.132 1.132 1.132 1.132
1959 1.162 1.162 1.162 1.162
1960 1.192 1.192 1.192 1.192
1961 1.1925 1.1925 1.1925 1.1925
1962 1.193 1.193 1.193 1.193
1963 1.1935 1.1935 1.1935 1.1935
1964 1.194 1.194 1.194 1.194
1965 1.1945 1.1945 1.1945 1.1945
1966 1.195 1.195 1.195 1.195
1967 1.1955 1.1955 1.1955 1.1955
1968 1.196 1.196 1.196 1.196
1969 1.1965 1.1965 1.1965 1.1965
1970 1.197 1.197 1.197 1.197
1971 1.1798 1.1798 1.1798 1.1798
1972 1.1626 1.1626 1.1626 1.1626
1973 1.1454 1.1454 1.1454 1.1454
1974 1.1282 1.1282 1.1282 1.1282
1975 1.111 1.111 1.111 1.111
1976 1.0938 1.0938 1.0938 1.0938
1977 1.0766 1.0766 1.0766 1.0766
1978 1.0594 1.0594 1.0594 1.0594
1979 1.0422 1.0422 1.0422 1.0422
1980 1.025 1.025 1.025 1.025
1981 1.0544 1.0544 1.0544 1.0544
1982 1.0838 1.0838 1.0838 1.0838
1983 1.1132 1.1132 1.1132 1.1132
1984 1.1426 1.1426 1.1426 1.1426
1985 1.172 1.172 1.172 1.172
1986 1.2014 1.2014 1.2014 1.2014
1987 1.2308 1.2308 1.2308 1.2308
1988 1.2602 1.2602 1.2602 1.2602
1989 1.2896 1.2896 1.2896 1.2896
1990 1.319 1.319 1.319 1.319
1991 1.302 1.302 1.302 1.302
1992 1.285 1.285 1.285 1.285
1993 1.268 1.268 1.268 1.268
1994 1.251 1.251 1.251 1.251
1995 1.234 1.234 1.234 1.234
1996 1.217 1.217 1.217 1.217
1997 1.2 1.2 1.2 1.2
1998 1.183 1.183 1.183 1.183
1999 1.166 1.166 1.166 1.166
2000 1.149 1.149 1.149 1.149
2001 1.1584 1.1584 1.1584 1.1584
2002 1.1678 1.1678 1.1678 1.1678
2003 1.1772 1.1772 1.1772 1.1772
2004 1.1866 1.1866 1.1866 1.1866
2005 1.196 1.196 1.196 1.196
2006 1.168 1.139 1.1322 1.1656
2007 1.14 1.082 1.0684 1.1352
2008 1.112 1.025 1.0046 1.1048
2009 1.084 0.968 0.9408 1.0744
2010 1.056 0.911 0.877 1.044
2011 1.0477 0.854 0.8299 1.0302
2012 1.0394 0.797 0.7828 1.0164
2013 1.0311 0.74 0.7357 1.0026
2014 1.0228 0.683 0.6886 0.9888
2015 1.0145 0.626 0.6415 0.975
2016 1.0062 0.569 0.5944 0.9612
2017 0.9979 0.512 0.5473 0.9474
2018 0.9896 0.455 0.5002 0.9336
2019 0.9813 0.398 0.4531 0.9198
2020 0.973 0.341 0.406 0.906
2021 0.9546 0.3285 0.3097 0.8869
2022 0.9362 0.316 0.2134 0.8678
2023 0.9178 0.3035 0.1171 0.8487
2024 0.8994 0.291 0.0208 0.8296
2025 0.881 0.2785 -0.0755 0.8105
2026 0.8626 0.266 -0.1718 0.7914
2027 0.8442 0.2535 -0.2681 0.7723
2028 0.8258 0.241 -0.3644 0.7532
2029 0.8074 0.2285 -0.4607 0.7341
2030 0.789 0.216 -0.557 0.715
2031 0.759 0.2143 -0.5727 0.708
2032 0.729 0.2126 -0.5884 0.701
2033 0.699 0.2109 -0.6041 0.694
2034 0.669 0.2092 -0.6198 0.687
2035 0.639 0.2075 -0.6355 0.68
2036 0.609 0.2058 -0.6512 0.673
2037 0.579 0.2041 -0.6669 0.666
2038 0.549 0.2024 -0.6826 0.659
2039 0.519 0.2007 -0.6983 0.652
2040 0.489 0.199 -0.714 0.645
2041 0.4602 0.204 -0.689 0.6381
2042 0.4314 0.209 -0.664 0.6312
2043 0.4026 0.214 -0.639 0.6243
2044 0.3738 0.219 -0.614 0.6174
2045 0.345 0.224 -0.589 0.6105
2046 0.3162 0.229 -0.564 0.6036
2047 0.2874 0.234 -0.539 0.5967
2048 0.2586 0.239 -0.514 0.5898
2049 0.2298 0.244 -0.489 0.5829
2050 0.201 0.249 -0.464 0.576
2051 0.2424 0.2425 -0.4434 0.5685
2052 0.2838 0.236 -0.4228 0.561
2053 0.3252 0.2295 -0.4022 0.5535
2054 0.3666 0.223 -0.3816 0.546
2055 0.408 0.2165 -0.361 0.5385
2056 0.4494 0.21 -0.3404 0.531
2057 0.4908 0.2035 -0.3198 0.5235
2058 0.5322 0.197 -0.2992 0.516
2059 0.5736 0.1905 -0.2786 0.5085
2060 0.615 0.184 -0.258 0.501
2061 0.6073 0.176 -0.2351 0.4921
2062 0.5996 0.168 -0.2122 0.4832
2063 0.5919 0.16 -0.1893 0.4743
2064 0.5842 0.152 -0.1664 0.4654
2065 0.5765 0.144 -0.1435 0.4565
2066 0.5688 0.136 -0.1206 0.4476
2067 0.5611 0.128 -0.0977 0.4387
2068 0.5534 0.12 -0.0748 0.4298
2069 0.5457 0.112 -0.0519 0.4209
2070 0.538 0.104 -0.029 0.412
2071 0.5392 0.0944 -0.0017 0.4017
2072 0.5404 0.0848 0.0256 0.3914
2073 0.5416 0.0752 0.0529 0.3811
2074 0.5428 0.0656 0.0802 0.3708
2075 0.544 0.056 0.1075 0.3605
2076 0.5452 0.0464 0.1348 0.3502
2077 0.5464 0.0368 0.1621 0.3399
2078 0.5476 0.0272 0.1894 0.3296
2079 0.5488 0.0176 0.2167 0.3193
2080 0.55 0.008 0.244 0.309
2081 0.5552 0.0099 0.2438 0.2975
2082 0.5604 0.0118 0.2436 0.286
2083 0.5656 0.0137 0.2434 0.2745
2084 0.5708 0.0156 0.2432 0.263
2085 0.576 0.0175 0.243 0.2515
2086 0.5812 0.0194 0.2428 0.24
2087 0.5864 0.0213 0.2426 0.2285
2088 0.5916 0.0232 0.2424 0.217
2089 0.5968 0.0251 0.2422 0.2055
2090 0.602 0.027 0.242 0.194
2091 0.5929 0.0289 0.2359 0.1823
2092 0.5838 0.0308 0.2298 0.1706
2093 0.5747 0.0327 0.2237 0.1589
2094 0.5656 0.0346 0.2176 0.1472
2095 0.5565 0.0365 0.2115 0.1355
2096 0.5474 0.0384 0.2054 0.1238
2097 0.5383 0.0403 0.1993 0.1121
2098 0.5292 0.0422 0.1932 0.1004
2099 0.5201 0.0441 0.1871 0.0887
2100 0.511 0.046 0.181 0.077
2101 0.49567 0.04462 0.17557 0.07469
2102 0.4807999 0.0432814 0.1703029 0.0724493
2103 0.466375903 0.041982958 0.165193813 0.070275821
2104 0.45238462591 0.04072346926 0.16023799861 0.06816754637
2105 0.4388130871327 0.0395017651822 0.1554308586517 0.0661225199789
2106 0.425648694518719 0.038316712226734 0.150767932892149 0.064138844379533
2107 0.412879233683157 0.037167210859932 0.146244894905384 0.062214679048147
2108 0.400492856672663 0.036052194534134 0.141857548058223 0.0603482386767026
2109 0.388478070972483 0.03497062869811 0.137601821616476 0.0585377915164015
2110 0.376823728843308 0.0339215098371667 0.133473766967982 0.0567816577709094
2111 0.365519016978009 0.0329038645420517 0.129469553958942 0.0550782080377822
2112 0.354553446468669 0.0319167486057901 0.125585467340174 0.0534258617966487
2113 0.343916843074609 0.0309592461476164 0.121817903319969 0.0518230859427492
2114 0.33359933778237 0.0300304687631879 0.11816336622037 0.0502683933644667
2115 0.323591357648899 0.0291295547002923 0.114618465233759 0.0487603415635327
2116 0.313883616919432 0.0282556680592835 0.111179911276746 0.0472975313166268
2117 0.304467108411849 0.027407998017505 0.107844513938444 0.045878605377128
2118 0.295333095159494 0.0265857580769799 0.10460917852029 0.0445022472158141
2119 0.286473102304709 0.0257881853346705 0.101470903164682 0.0431671797993397
2120 0.277878909235568 0.0250145397746304 0.0984267760697412 0.0418721644053595
2121 0.269542541958501 0.0242641035813914 0.0954739727876489 0.0406159994731987
2122 0.261456265699746 0.0235361804739497 0.0926097536040195 0.0393975194890028
2123 0.253612577728753 0.0228300950597312 0.0898314609958989 0.0382155939043327
2124 0.246004200396891 0.0221451922079393 0.0871365171660219 0.0370691260872027
2125 0.238624074384984 0.0214808364417011 0.0845224216510412 0.0359570523045866
2126 0.231465352153434 0.0208364113484501 0.08198674900151 0.034878340735449
2127 0.224521391588831 0.0202113190079966 0.0795271465314647 0.0338319905133855
2128 0.217785749841166 0.0196049794377567 0.0771413321355208 0.032817030797984
2129 0.211252177345931 0.019016830054624 0.0748270921714551 0.0318325198740444
2130 0.204914612025553 0.0184463251529852 0.0725822794063115 0.0308775442778231
2131 0.198767173664787 0.0178929353983957 0.0704048110241221 0.0299512179494884
2132 0.192804158454843 0.0173561473364438 0.0682926666933985 0.0290526814110038
2133 0.187020033701198 0.0168354629163505 0.0662438866925965 0.0281811009686736
2134 0.181409432690162 0.01633039902886 0.0642565700918186 0.0273356679396134
2135 0.175967149709457 0.0158404870579942 0.062328872989064 0.026515597901425
2136 0.170688135218173 0.0153652724462544 0.0604590067993921 0.0257201299643823
2137 0.165567491161628 0.0149043142728667 0.0586452365954104 0.0249485260654508
2138 0.160600466426779 0.0144571848446807 0.056885879497548 0.0242000702834873
2139 0.155782452433976 0.0140234692993403 0.0551793031126216 0.0234740681749827
2140 0.151108978860957 0.0136027652203601 0.0535239240192429 0.0227698461297332
2141 0.146575709495128 0.0131946822637493 0.0519182062986657 0.0220867507458412
2142 0.142178438210274 0.0127988417958368 0.0503606601097057 0.021424148223466
2143 0.137913085063966 0.0124148765419617 0.0488498403064145 0.020781423776762
2144 0.133775692512047 0.0120424302457029 0.0473843450972221 0.0201579810634591
2145 0.129762421736686 0.0116811573383318 0.0459628147443054 0.0195532416315553
2146 0.125869549084585 0.0113307226181818 0.0445839303019762 0.0189666443826087
2147 0.122093462612047 0.0109908009396364 0.043246412392917 0.0183976450511304
2148 0.118430658733686 0.0106610769114473 0.0419490200211294 0.0178457156995965
2149 0.114877738971675 0.0103412446041039 0.0406905494204956 0.0173103442286086
2150 0.111431406802525 0.0100310072659807 0.0394698329378807 0.0167910339017504
2151 0.108088464598449 0.00973007704800131 0.0382857379497443 0.0162873028846978
2152 0.104845810660496 0.00943817473656127 0.0371371658112519 0.0157986837981569
2153 0.101700436340681 0.00915502949446444 0.0360230508369144 0.0153247232842122
2154 0.0986494232504606 0.0088803786096305 0.0349423593118069 0.0148649815856858
2155 0.0956899405529468 0.00861396725134159 0.0338940885324527 0.0144190321381153
2156 0.0928192423363584 0.00835554823380134 0.0328772658764791 0.0139864611739718
2157 0.0900346650662676 0.0081048817867873 0.0318909479001848 0.0135668673387526
2158 0.0873336251142796 0.00786173533318368 0.0309342194631792 0.0131598613185901
2159 0.0847136163608512 0.00762588327318817 0.0300061928792839 0.0127650654790324
2160 0.0821722078700257 0.00739710677499252 0.0291060070929053 0.0123821135146614
2161 0.0797070416339249 0.00717519357174275 0.0282328268801182 0.0120106501092216
2162 0.0773158303849071 0.00695993776459047 0.0273858420737146 0.0116503306059449
2163 0.0749963554733599 0.00675113963165275 0.0265642668115032 0.0113008206877666
2164 0.0727464648091591 0.00654860544270317 0.0257673388071581 0.0109617960671336
2165 0.0705640708648844 0.00635214727942207 0.0249943186429434 0.0106329421851196
2166 0.0684471487389378 0.00616158286103941 0.0242444890836551 0.010313953919566
2167 0.0663937342767697 0.00597673537520823 0.0235171544111454 0.010004535301979
2168 0.0644019222484666 0.00579743331395198 0.022811639778811 0.00970439924291962
2169 0.0624698645810126 0.00562351031453342 0.0221272905854467 0.00941326726563203
2170 0.0605957686435822 0.00545480500509742 0.0214634718678833 0.00913086924766307
2171 0.0587778955842747 0.0052911608549445 0.0208195677118468 0.00885694317023318
2172 0.0570145587167465 0.00513242602929616 0.0201949806804914 0.00859123487512618
2173 0.0553041219552441 0.00497845324841728 0.0195891312600767 0.00833349782887239
2174 0.0536449982965868 0.00482909965096476 0.0190014573222744 0.00808349289400622
2175 0.0520356483476892 0.00468422666143582 0.0184314136026061 0.00784098810718603
2176 0.0504745788972585 0.00454369986159274 0.0178784711945279 0.00760575846397045
2177 0.0489603415303407 0.00440738886574496 0.0173421170586921 0.00737758571005134
2178 0.0474915312844305 0.00427516719977261 0.0168218535469313 0.0071562581387498
2179 0.0460667853458976 0.00414691218377943 0.0163171979405234 0.0069415703945873
2180 0.0446847817855207 0.00402250481826605 0.0158276820023077 0.00673332328274969
2181 0.0433442383319551 0.00390182967371807 0.0153528515422385 0.00653132358426719
2182 0.0420439111819964 0.00378477478350652 0.0148922659959713 0.00633538387673918
2183 0.0407825938465365 0.00367123154000133 0.0144454980160922 0.006145322360437
2184 0.0395591160311404 0.00356109459380129 0.0140121330756094 0.00596096268962389
2185 0.0383723425502062 0.00345426175598725 0.0135917690833411 0.00578213380893517
2186 0.0372211722737 0.00335063390330763 0.0131840160108409 0.00560866979466712
2187 0.036104537105489 0.0032501148862084 0.0127884955305157 0.00544040970082711
2188 0.0350214009923243 0.00315261143962215 0.0124048406646002 0.00527719740980229
2189 0.0339707589625546 0.00305803309643349 0.0120326954446622 0.00511888148750822
2190 0.032951636193678 0.00296629210354048 0.0116717145813223 0.00496531504288298
2191 0.0319630871078676 0.00287730334043427 0.0113215631438827 0.00481635559159649
2192 0.0310041944946316 0.00279098424022124 0.0109819162495662 0.00467186492384859
2193 0.0300740686597926 0.0027072547130146 0.0106524587620792 0.00453170897613313
2194 0.0291718465999989 0.00262603707162416 0.0103328849992168 0.00439575770684914
2195 0.0282966912019989 0.00254725595947544 0.0100228984492403 0.00426388497564367
2196 0.0274477904659389 0.00247083828069118 0.0097222114957631 0.00413596842637436
2197 0.0266243567519608 0.00239671313227044 0.0094305451508902 0.00401188937358312
2198 0.0258256260494019 0.00232481173830233 0.0091476287963635 0.00389153269237563
2199 0.0250508572679199 0.00225506738615326 0.00887319993247259 0.00377478671160436
2200 0.0242993315498823 0.00218741536456866 0.00860700393449841 0.00366154311025623
2201 0.0235703516033858 0.0021217929036316 0.00834879381646346 0.00355169681694854
2202 0.0228632410552842 0.00205813911652265 0.00809833000196956 0.00344514591244009
2203 0.0221773438236257 0.00199639494302697 0.00785538010191047 0.00334179153506689
2204 0.0215120235089169 0.00193650309473616 0.00761971869885316 0.00324153778901488
2205 0.0208666628036494 0.00187840800189408 0.00739112713788756 0.00314429165534443
2206 0.02024066291954 0.00182205576183725 0.00716939332375093 0.0030499629056841
2207 0.0196334430319538 0.00176739408898214 0.00695431152403841 0.00295846401851358
2208 0.0190444397409951 0.00171437226631267 0.00674568217831725 0.00286971009795817
2209 0.0184731065487653 0.00166294109832329 0.00654331171296774 0.00278361879501942
2210 0.0179189133523023 0.00161305286537359 0.0063470123615787 0.00270011023116884
2211 0.0173813459517333 0.00156466127941239 0.00615660199073134 0.00261910692423378
2212 0.0168599055731813 0.00151772144103001 0.0059719039310094 0.00254053371650676
2213 0.0163541084059858 0.00147218979779911 0.00579274681307912 0.00246431770501156
2214 0.0158634851538062 0.00142802410386514 0.00561896440868675 0.00239038817386121
2215 0.0153875805991921 0.00138518338074919 0.00545039547642614 0.00231867652864538
2216 0.0149259531812163 0.00134362787932671 0.00528688361213336 0.00224911623278601
2217 0.0144781745857798 0.00130331904294691 0.00512827710376936 0.00218164274580243
2218 0.0140438293482064 0.0012642194716585 0.00497442879065628 0.00211619346342836
2219 0.0136225144677602 0.00122629288750875 0.00482519592693659 0.00205270765952551
2220 0.0132138390337274 0.00118950410088348 0.00468044004912849 0.00199112642973975
2221 0.0128174238627156 0.00115381897785698 0.00454002684765464 0.00193139263684755
2222 0.0124329011468341 0.00111920440852127 0.004403826042225 0.00187345085774213
2223 0.0120599141124291 0.00108562827626563 0.00427171126095825 0.00181724733200986
2224 0.0116981166890562 0.00105305942797766 0.0041435599231295 0.00176272991204957
2225 0.0113471731883845 0.00102146764513833 0.00401925312543561 0.00170984801468808
2226 0.011006757992733 0.000990823615784184 0.00389867553167255 0.00165855257424744
2227 0.010676555252951 0.000961098907310658 0.00378171526572237 0.00160879599702001
2228 0.0103562585953625 0.000932265940091339 0.0036682638077507 0.00156053211710941
2229 0.0100455708375016 0.000904297961888598 0.00355821589351818 0.00151371615359613
2230 0.00974420371237656 0.00087716902303194 0.00345146941671263 0.00146830466898825
2231 0.00945187760100526 0.000850853952340982 0.00334792533421125 0.0014242555289186
2232 0.0091683212729751 0.000825328333770753 0.00324748757418491 0.00138152786305104
2233 0.00889327163478585 0.00080056848375763 0.00315006294695937 0.00134008202715951
2234 0.00862647348574228 0.000776551429244901 0.00305556105855059 0.00129987956634472
2235 0.00836767928117001 0.000753254886367554 0.00296389422679407 0.00126088317935438
2236 0.00811664890273491 0.000730657239776527 0.00287497739999025 0.00122305668397375
2237 0.00787314943565286 0.000708737522583232 0.00278872807799054 0.00118636498345454
2238 0.00763695495258327 0.000687475396905735 0.00270506623565082 0.0011507740339509
2239 0.00740784630400577 0.000666851134998563 0.0026239142485813 0.00111625081293238
2240 0.0071856109148856 0.000646845600948606 0.00254519682112386 0.0010827632885444
2241 0.00697004258743903 0.000627440232920148 0.00246884091649014 0.00105028038988807
2242 0.00676094130981586 0.000608617025932543 0.00239477568899544 0.00101877197819143
2243 0.00655811307052138 0.000590358515154567 0.00232293241832558 0.000988208818845687
2244 0.00636136967840574 0.00057264775969993 0.00225324444577581 0.000958562554280316
2245 0.00617052858805357 0.000555468326908932 0.00218564711240253 0.000929805677651907
2246 0.00598541273041196 0.000538804277101664 0.00212007769903046 0.00090191150732235
2247 0.0058058503484996 0.000522640148788614 0.00205647536805954 0.000874854162102679
2248 0.00563167483804462 0.000506960944324956 0.00199478110701776 0.000848608537239599
2249 0.00546272459290328 0.000491752115995207 0.00193493767380722 0.000823150281122411
2250 0.00529884285511618 0.000476999552515351 0.00187688954359301 0.000798455772688738
2251 0.00513987756946269 0.00046268956593989 0.00182058285728522 0.000774502099508076
2252 0.00498568124237881 0.000448808878961693 0.00176596537156666 0.000751267036522834
2253 0.00483611080510745 0.000435344612592842 0.00171298641041966 0.000728729025427149
2254 0.00469102748095422 0.000422284274215057 0.00166159681810707 0.000706867154664334
2255 0.0045502966565256 0.000409615745988605 0.00161174891356386 0.000685661140024404
2256 0.00441378775682983 0.000397327273608947 0.00156339644615694 0.000665091305823672
2257 0.00428137412412493 0.000385407455400679 0.00151649455277223 0.000645138566648962
2258 0.00415293290040119 0.000373845231738658 0.00147099971618907 0.000625784409649493
2259 0.00402834491338915 0.000362629874786499 0.0014268697247034 0.000607010877360008
2260 0.00390749456598748 0.000351750978542904 0.00138406363296229 0.000588800551039208
2261 0.00379026972900785 0.000341198449186617 0.00134254172397342 0.000571136534508032
2262 0.00367656163713762 0.000330962495711018 0.00130226547225422 0.000554002438472791
2263 0.00356626478802349 0.000321033620839688 0.0012631975080866 0.000537382365318607
2264 0.00345927684438278 0.000311402612214497 0.001225301582844 0.000521260894359049
2265 0.0033554985390513 0.000302060533848062 0.00118854253535868 0.000505623067528277
2266 0.00325483358287976 0.00029299871783262 0.00115288625929792 0.000490454375502429
2267 0.00315718857539337 0.000284208756297641 0.00111829967151898 0.000475740744237356
2268 0.00306247291813157 0.000275682493608712 0.00108475068137341 0.000461468521910235
2269 0.00297059873058762 0.000267412018800451 0.00105220816093221 0.000447624466252928
2270 0.00288148076866999 0.000259389658236437 0.00102064191610424 0.00043419573226534
2271 0.00279503634560989 0.000251607968489344 0.000990022658621114 0.00042116986029738
2272 0.00271118525524159 0.000244059729434664 0.000960321978862481 0.000408534764488459
2273 0.00262984969758435 0.000236737937551624 0.000931512319496606 0.000396278721553805
2274 0.00255095420665682 0.000229635799425075 0.000903566949911708 0.000384390359907191
2275 0.00247442558045711 0.000222746725442323 0.000876459941414357 0.000372858649109975
2276 0.0024001928130434 0.000216064323679053 0.000850166143171926 0.000361672889636676
2277 0.0023281870286521 0.000209582393968682 0.000824661158876768 0.000350822702947576
2278 0.00225834141779253 0.000203294922149621 0.000799921324110465 0.000340298021859148
2279 0.00219059117525876 0.000197196074485133 0.000775923684387151 0.000330089081203374
2280 0.00212487344000099 0.000191280192250579 0.000752645973855537 0.000320186408767273
2281 0.00206112723680096 0.000185541786483061 0.000730066594639871 0.000310580816504254
2282 0.00199929341969694 0.000179975532888569 0.000708164596800674 0.000301263392009127
2283 0.00193931461710603 0.000174576266901912 0.000686919658896654 0.000292225490248853
2284 0.00188113517859285 0.000169338978894855 0.000666312069129755 0.000283458725541387
2285 0.00182470112323506 0.000164258809528009 0.000646322707055862 0.000274954963775146
2286 0.00176996008953801 0.000159331045242169 0.000626933025844186 0.000266706314861891
2287 0.00171686128685187 0.000154551113884904 0.00060812503506886 0.000258705125416035
2288 0.00166535544824631 0.000149914580468357 0.000589881284016794 0.000250943971653554
2289 0.00161539478479892 0.000145417143054306 0.000572184845496291 0.000243415652503947
2290 0.00156693294125496 0.000141054628762677 0.000555019300131402 0.000236113182928828
2291 0.00151992495301731 0.000136822989899797 0.00053836872112746 0.000229029787440964
2292 0.00147432720442679 0.000132718300202803 0.000522217659493636 0.000222158893817735
2293 0.00143009738829398 0.000128736751196719 0.000506551129708827 0.000215494127003203
2294 0.00138719446664516 0.000124874648660817 0.000491354595817562 0.000209029303193107
2295 0.00134557863264581 0.000121128409200992 0.000476613957943035 0.000202758424097313
2296 0.00130521127366643 0.000117494556924963 0.000462315539204744 0.000196675671374394
2297 0.00126605493545644 0.000113969720217214 0.000448446073028602 0.000190775401233162
2298 0.00122807328739275 0.000110550628610697 0.000434992690837744 0.000185052139196167
2299 0.00119123108877097 0.000107234109752376 0.000421942910112611 0.000179500575020282
2300 0.00115549415610784 0.000104017086459805 0.000409284622809233 0.000174115557769674
2301 0 0 0 0
2302 0 0 0 0
2303 0 0 0 0
2304 0 0 0 0
2305 0 0 0 0
2306 0 0 0 0
2307 0 0 0 0
2308 0 0 0 0
2309 0 0 0 0
2310 0 0 0 0
2311 0 0 0 0
2312 0 0 0 0
2313 0 0 0 0
2314 0 0 0 0
2315 0 0 0 0
2316 0 0 0 0
2317 0 0 0 0
2318 0 0 0 0
2319 0 0 0 0
2320 0 0 0 0
2321 0 0 0 0
2322 0 0 0 0
2323 0 0 0 0
2324 0 0 0 0
2325 0 0 0 0
2326 0 0 0 0
2327 0 0 0 0
2328 0 0 0 0
2329 0 0 0 0
2330 0 0 0 0
2331 0 0 0 0
2332 0 0 0 0
2333 0 0 0 0
2334 0 0 0 0
2335 0 0 0 0
2336 0 0 0 0
2337 0 0 0 0
2338 0 0 0 0
2339 0 0 0 0
2340 0 0 0 0
2341 0 0 0 0
2342 0 0 0 0
2343 0 0 0 0
2344 0 0 0 0
2345 0 0 0 0
2346 0 0 0 0
2347 0 0 0 0
2348 0 0 0 0
2349 0 0 0 0
2350 0 0 0 0
2351 0 0 0 0
2352 0 0 0 0
2353 0 0 0 0
2354 0 0 0 0
2355 0 0 0 0
2356 0 0 0 0
2357 0 0 0 0
2358 0 0 0 0
2359 0 0 0 0
2360 0 0 0 0
2361 0 0 0 0
2362 0 0 0 0
2363 0 0 0 0
2364 0 0 0 0
2365 0 0 0 0
2366 0 0 0 0
2367 0 0 0 0
2368 0 0 0 0
2369 0 0 0 0
2370 0 0 0 0
2371 0 0 0 0
2372 0 0 0 0
2373 0 0 0 0
2374 0 0 0 0
2375 0 0 0 0
2376 0 0 0 0
2377 0 0 0 0
2378 0 0 0 0
2379 0 0 0 0
2380 0 0 0 0
2381 0 0 0 0
2382 0 0 0 0
2383 0 0 0 0
2384 0 0 0 0
2385 0 0 0 0
2386 0 0 0 0
2387 0 0 0 0
2388 0 0 0 0
2389 0 0 0 0
2390 0 0 0 0
2391 0 0 0 0
2392 0 0 0 0
2393 0 0 0 0
2394 0 0 0 0
2395 0 0 0 0
2396 0 0 0 0
2397 0 0 0 0
2398 0 0 0 0
2399 0 0 0 0
2400 0 0 0 0
2401 0 0 0 0
2402 0 0 0 0
2403 0 0 0 0
2404 0 0 0 0
2405 0 0 0 0
2406 0 0 0 0
2407 0 0 0 0
2408 0 0 0 0
2409 0 0 0 0
2410 0 0 0 0
2411 0 0 0 0
2412 0 0 0 0
2413 0 0 0 0
2414 0 0 0 0
2415 0 0 0 0
2416 0 0 0 0
2417 0 0 0 0
2418 0 0 0 0
2419 0 0 0 0
2420 0 0 0 0
2421 0 0 0 0
2422 0 0 0 0
2423 0 0 0 0
2424 0 0 0 0
2425 0 0 0 0
2426 0 0 0 0
2427 0 0 0 0
2428 0 0 0 0
2429 0 0 0 0
2430 0 0 0 0
2431 0 0 0 0
2432 0 0 0 0
2433 0 0 0 0
2434 0 0 0 0
2435 0 0 0 0
2436 0 0 0 0
2437 0 0 0 0
2438 0 0 0 0
2439 0 0 0 0
2440 0 0 0 0
2441 0 0 0 0
2442 0 0 0 0
2443 0 0 0 0
2444 0 0 0 0
2445 0 0 0 0
2446 0 0 0 0
2447 0 0 0 0
2448 0 0 0 0
2449 0 0 0 0
2450 0 0 0 0
2451 0 0 0 0
2452 0 0 0 0
2453 0 0 0 0
2454 0 0 0 0
2455 0 0 0 0
2456 0 0 0 0
2457 0 0 0 0
2458 0 0 0 0
2459 0 0 0 0
2460 0 0 0 0
2461 0 0 0 0
2462 0 0 0 0
2463 0 0 0 0
2464 0 0 0 0
2465 0 0 0 0
2466 0 0 0 0
2467 0 0 0 0
2468 0 0 0 0
2469 0 0 0 0
2470 0 0 0 0
2471 0 0 0 0
2472 0 0 0 0
2473 0 0 0 0
2474 0 0 0 0
2475 0 0 0 0
2476 0 0 0 0
2477 0 0 0 0
2478 0 0 0 0
2479 0 0 0 0
2480 0 0 0 0
2481 0 0 0 0
2482 0 0 0 0
2483 0 0 0 0
2484 0 0 0 0
2485 0 0 0 0
2486 0 0 0 0
2487 0 0 0 0
2488 0 0 0 0
2489 0 0 0 0
2490 0 0 0 0
2491 0 0 0 0
2492 0 0 0 0
2493 0 0 0 0
2494 0 0 0 0
2495 0 0 0 0
2496 0 0 0 0
2497 0 0 0 0
2498 0 0 0 0
2499 0 0 0 0
2500 0 0 0 0
2501 0 0 0 0
2502 0 0 0 0
2503 0 0 0 0
2504 0 0 0 0
2505 0 0 0 0
2506 0 0 0 0
2507 0 0 0 0
2508 0 0 0 0
2509 0 0 0 0
2510 0 0 0 0
2511 0 0 0 0
2512 0 0 0 0
2513 0 0 0 0
2514 0 0 0 0
2515 0 0 0 0
2516 0 0 0 0
2517 0 0 0 0
2518 0 0 0 0
2519 0 0 0 0
2520 0 0 0 0
2521 0 0 0 0
2522 0 0 0 0
2523 0 0 0 0
2524 0 0 0 0
2525 0 0 0 0
2526 0 0 0 0
2527 0 0 0 0
2528 0 0 0 0
2529 0 0 0 0
2530 0 0 0 0
2531 0 0 0 0
2532 0 0 0 0
2533 0 0 0 0
2534 0 0 0 0
2535 0 0 0 0
2536 0 0 0 0
2537 0 0 0 0
2538 0 0 0 0
2539 0 0 0 0
2540 0 0 0 0
2541 0 0 0 0
2542 0 0 0 0
2543 0 0 0 0
2544 0 0 0 0
2545 0 0 0 0
2546 0 0 0 0
2547 0 0 0 0
2548 0 0 0 0
2549 0 0 0 0
2550 0 0 0 0
2551 0 0 0 0
2552 0 0 0 0
2553 0 0 0 0
2554 0 0 0 0
2555 0 0 0 0
2556 0 0 0 0
2557 0 0 0 0
2558 0 0 0 0
2559 0 0 0 0
2560 0 0 0 0
2561 0 0 0 0
2562 0 0 0 0
2563 0 0 0 0
2564 0 0 0 0
2565 0 0 0 0
2566 0 0 0 0
2567 0 0 0 0
2568 0 0 0 0
2569 0 0 0 0
2570 0 0 0 0
2571 0 0 0 0
2572 0 0 0 0
2573 0 0 0 0
2574 0 0 0 0
2575 0 0 0 0
2576 0 0 0 0
2577 0 0 0 0
2578 0 0 0 0
2579 0 0 0 0
2580 0 0 0 0
2581 0 0 0 0
2582 0 0 0 0
2583 0 0 0 0
2584 0 0 0 0
2585 0 0 0 0
2586 0 0 0 0
2587 0 0 0 0
2588 0 0 0 0
2589 0 0 0 0
2590 0 0 0 0
2591 0 0 0 0
2592 0 0 0 0
2593 0 0 0 0
2594 0 0 0 0
2595 0 0 0 0
2596 0 0 0 0
2597 0 0 0 0
2598 0 0 0 0
2599 0 0 0 0
2600 0 0 0 0
2601 0 0 0 0
2602 0 0 0 0
2603 0 0 0 0
2604 0 0 0 0
2605 0 0 0 0
2606 0 0 0 0
2607 0 0 0 0
2608 0 0 0 0
2609 0 0 0 0
2610 0 0 0 0
2611 0 0 0 0
2612 0 0 0 0
2613 0 0 0 0
2614 0 0 0 0
2615 0 0 0 0
2616 0 0 0 0
2617 0 0 0 0
2618 0 0 0 0
2619 0 0 0 0
2620 0 0 0 0
2621 0 0 0 0
2622 0 0 0 0
2623 0 0 0 0
2624 0 0 0 0
2625 0 0 0 0
2626 0 0 0 0
2627 0 0 0 0
2628 0 0 0 0
2629 0 0 0 0
2630 0 0 0 0
2631 0 0 0 0
2632 0 0 0 0
2633 0 0 0 0
2634 0 0 0 0
2635 0 0 0 0
2636 0 0 0 0
2637 0 0 0 0
2638 0 0 0 0
2639 0 0 0 0
2640 0 0 0 0
2641 0 0 0 0
2642 0 0 0 0
2643 0 0 0 0
2644 0 0 0 0
2645 0 0 0 0
2646 0 0 0 0
2647 0 0 0 0
2648 0 0 0 0
2649 0 0 0 0
2650 0 0 0 0
2651 0 0 0 0
2652 0 0 0 0
2653 0 0 0 0
2654 0 0 0 0
2655 0 0 0 0
2656 0 0 0 0
2657 0 0 0 0
2658 0 0 0 0
2659 0 0 0 0
2660 0 0 0 0
2661 0 0 0 0
2662 0 0 0 0
2663 0 0 0 0
2664 0 0 0 0
2665 0 0 0 0
2666 0 0 0 0
2667 0 0 0 0
2668 0 0 0 0
2669 0 0 0 0
2670 0 0 0 0
2671 0 0 0 0
2672 0 0 0 0
2673 0 0 0 0
2674 0 0 0 0
2675 0 0 0 0
2676 0 0 0 0
2677 0 0 0 0
2678 0 0 0 0
2679 0 0 0 0
2680 0 0 0 0
2681 0 0 0 0
2682 0 0 0 0
2683 0 0 0 0
2684 0 0 0 0
2685 0 0 0 0
2686 0 0 0 0
2687 0 0 0 0
2688 0 0 0 0
2689 0 0 0 0
2690 0 0 0 0
2691 0 0 0 0
2692 0 0 0 0
2693 0 0 0 0
2694 0 0 0 0
2695 0 0 0 0
2696 0 0 0 0
2697 0 0 0 0
2698 0 0 0 0
2699 0 0 0 0
2700 0 0 0 0
2701 0 0 0 0
2702 0 0 0 0
2703 0 0 0 0
2704 0 0 0 0
2705 0 0 0 0
2706 0 0 0 0
2707 0 0 0 0
2708 0 0 0 0
2709 0 0 0 0
2710 0 0 0 0
2711 0 0 0 0
2712 0 0 0 0
2713 0 0 0 0
2714 0 0 0 0
2715 0 0 0 0
2716 0 0 0 0
2717 0 0 0 0
2718 0 0 0 0
2719 0 0 0 0
2720 0 0 0 0
2721 0 0 0 0
2722 0 0 0 0
2723 0 0 0 0
2724 0 0 0 0
2725 0 0 0 0
2726 0 0 0 0
2727 0 0 0 0
2728 0 0 0 0
2729 0 0 0 0
2730 0 0 0 0
2731 0 0 0 0
2732 0 0 0 0
2733 0 0 0 0
2734 0 0 0 0
2735 0 0 0 0
2736 0 0 0 0
2737 0 0 0 0
2738 0 0 0 0
2739 0 0 0 0
2740 0 0 0 0
2741 0 0 0 0
2742 0 0 0 0
2743 0 0 0 0
2744 0 0 0 0
2745 0 0 0 0
2746 0 0 0 0
2747 0 0 0 0
2748 0 0 0 0
2749 0 0 0 0
2750 0 0 0 0
2751 0 0 0 0
2752 0 0 0 0
2753 0 0 0 0
2754 0 0 0 0
2755 0 0 0 0
2756 0 0 0 0
2757 0 0 0 0
2758 0 0 0 0
2759 0 0 0 0
2760 0 0 0 0
2761 0 0 0 0
2762 0 0 0 0
2763 0 0 0 0
2764 0 0 0 0
2765 0 0 0 0
2766 0 0 0 0
2767 0 0 0 0
2768 0 0 0 0
2769 0 0 0 0
2770 0 0 0 0
2771 0 0 0 0
2772 0 0 0 0
2773 0 0 0 0
2774 0 0 0 0
2775 0 0 0 0
2776 0 0 0 0
2777 0 0 0 0
2778 0 0 0 0
2779 0 0 0 0
2780 0 0 0 0
2781 0 0 0 0
2782 0 0 0 0
2783 0 0 0 0
2784 0 0 0 0
2785 0 0 0 0
2786 0 0 0 0
2787 0 0 0 0
2788 0 0 0 0
2789 0 0 0 0
2790 0 0 0 0
2791 0 0 0 0
2792 0 0 0 0
2793 0 0 0 0
2794 0 0 0 0
2795 0 0 0 0
2796 0 0 0 0
2797 0 0 0 0
2798 0 0 0 0
2799 0 0 0 0
2800 0 0 0 0
2801 0 0 0 0
2802 0 0 0 0
2803 0 0 0 0
2804 0 0 0 0
2805 0 0 0 0
2806 0 0 0 0
2807 0 0 0 0
2808 0 0 0 0
2809 0 0 0 0
2810 0 0 0 0
2811 0 0 0 0
2812 0 0 0 0
2813 0 0 0 0
2814 0 0 0 0
2815 0 0 0 0
2816 0 0 0 0
2817 0 0 0 0
2818 0 0 0 0
2819 0 0 0 0
2820 0 0 0 0
2821 0 0 0 0
2822 0 0 0 0
2823 0 0 0 0
2824 0 0 0 0
2825 0 0 0 0
2826 0 0 0 0
2827 0 0 0 0
2828 0 0 0 0
2829 0 0 0 0
2830 0 0 0 0
2831 0 0 0 0
2832 0 0 0 0
2833 0 0 0 0
2834 0 0 0 0
2835 0 0 0 0
2836 0 0 0 0
2837 0 0 0 0
2838 0 0 0 0
2839 0 0 0 0
2840 0 0 0 0
2841 0 0 0 0
2842 0 0 0 0
2843 0 0 0 0
2844 0 0 0 0
2845 0 0 0 0
2846 0 0 0 0
2847 0 0 0 0
2848 0 0 0 0
2849 0 0 0 0
2850 0 0 0 0
2851 0 0 0 0
2852 0 0 0 0
2853 0 0 0 0
2854 0 0 0 0
2855 0 0 0 0
2856 0 0 0 0
2857 0 0 0 0
2858 0 0 0 0
2859 0 0 0 0
2860 0 0 0 0
2861 0 0 0 0
2862 0 0 0 0
2863 0 0 0 0
2864 0 0 0 0
2865 0 0 0 0
2866 0 0 0 0
2867 0 0 0 0
2868 0 0 0 0
2869 0 0 0 0
2870 0 0 0 0
2871 0 0 0 0
2872 0 0 0 0
2873 0 0 0 0
2874 0 0 0 0
2875 0 0 0 0
2876 0 0 0 0
2877 0 0 0 0
2878 0 0 0 0
2879 0 0 0 0
2880 0 0 0 0
2881 0 0 0 0
2882 0 0 0 0
2883 0 0 0 0
2884 0 0 0 0
2885 0 0 0 0
2886 0 0 0 0
2887 0 0 0 0
2888 0 0 0 0
2889 0 0 0 0
2890 0 0 0 0
2891 0 0 0 0
2892 0 0 0 0
2893 0 0 0 0
2894 0 0 0 0
2895 0 0 0 0
2896 0 0 0 0
2897 0 0 0 0
2898 0 0 0 0
2899 0 0 0 0
2900 0 0 0 0
2901 0 0 0 0
2902 0 0 0 0
2903 0 0 0 0
2904 0 0 0 0
2905 0 0 0 0
2906 0 0 0 0
2907 0 0 0 0
2908 0 0 0 0
2909 0 0 0 0
2910 0 0 0 0
2911 0 0 0 0
2912 0 0 0 0
2913 0 0 0 0
2914 0 0 0 0
2915 0 0 0 0
2916 0 0 0 0
2917 0 0 0 0
2918 0 0 0 0
2919 0 0 0 0
2920 0 0 0 0
2921 0 0 0 0
2922 0 0 0 0
2923 0 0 0 0
2924 0 0 0 0
2925 0 0 0 0
2926 0 0 0 0
2927 0 0 0 0
2928 0 0 0 0
2929 0 0 0 0
2930 0 0 0 0
2931 0 0 0 0
2932 0 0 0 0
2933 0 0 0 0
2934 0 0 0 0
2935 0 0 0 0
2936 0 0 0 0
2937 0 0 0 0
2938 0 0 0 0
2939 0 0 0 0
2940 0 0 0 0
2941 0 0 0 0
2942 0 0 0 0
2943 0 0 0 0
2944 0 0 0 0
2945 0 0 0 0
2946 0 0 0 0
2947 0 0 0 0
2948 0 0 0 0
2949 0 0 0 0
2950 0 0 0 0
2951 0 0 0 0
2952 0 0 0 0
2953 0 0 0 0
2954 0 0 0 0
2955 0 0 0 0
2956 0 0 0 0
2957 0 0 0 0
2958 0 0 0 0
2959 0 0 0 0
2960 0 0 0 0
2961 0 0 0 0
2962 0 0 0 0
2963 0 0 0 0
2964 0 0 0 0
2965 0 0 0 0
2966 0 0 0 0
2967 0 0 0 0
2968 0 0 0 0
2969 0 0 0 0
2970 0 0 0 0
2971 0 0 0 0
2972 0 0 0 0
2973 0 0 0 0
2974 0 0 0 0
2975 0 0 0 0
2976 0 0 0 0
2977 0 0 0 0
2978 0 0 0 0
2979 0 0 0 0
2980 0 0 0 0
2981 0 0 0 0
2982 0 0 0 0
2983 0 0 0 0
2984 0 0 0 0
2985 0 0 0 0
2986 0 0 0 0
2987 0 0 0 0
2988 0 0 0 0
2989 0 0 0 0
2990 0 0 0 0
2991 0 0 0 0
2992 0 0 0 0
2993 0 0 0 0
2994 0 0 0 0
2995 0 0 0 0
2996 0 0 0 0
2997 0 0 0 0
2998 0 0 0 0
2999 0 0 0 0
3000 0 0 0 0
